gene,pearson_r,spearman_rho,generated_mean,target_mean,generated_variance,target_variance,generated_zero_prop,target_zero_prop,generated_moran_i,target_moran_i
1700057H15Rik,-0.003420565297413034,-0.003709097259832807,0.003960556094406725,0.0045263498221791145,0.005884734299335117,0.004667517330257231,0.9969285483349499,0.9955544778532169,0.06385698663898125,0.0013567736035684657
2610028E06Rik,0.02470974775269598,0.02656941881610054,0.007112835434852894,0.006547041707080504,0.0128818356354456,0.009737284967806813,0.9951503394762367,0.9945845457484642,0.034825118742365484,0.005182659476899138
2900052N01Rik,0.0071933170195936594,0.011284630824666056,0.014953119948270288,0.01252828968638862,0.028146918267828155,0.012694642345505953,0.9903006789524733,0.9876333656644035,0.07624064790199159,0.010955216593772566
4921534H16Rik,0.0007114942281729837,0.005701690848477572,0.009537665696734561,0.007516973811833172,0.017529466169397455,0.009400333126048651,0.9936954413191077,0.9931296475913353,0.05726381561326056,-0.006161758318132173
4921539H07Rik,-0.0026081071225472034,0.00040645305676578194,0.014791464597478177,0.008163595215001616,0.027828415937492846,0.008420261629749648,0.9903815066278694,0.9919980601357905,0.050153594414499764,-0.006523858182575537
4930426D05Rik,0.048800971964225864,0.07335470741728338,0.009699321047526674,0.013498221791141287,0.01768801175834924,0.016710782166251048,0.9934529582929195,0.9878758486905916,0.042640280117002986,0.01029676251375271
4930438E09Rik,0.008722545640596572,0.014256517663033546,0.00533462657613967,0.004768832848367281,0.008215964649690816,0.004907746432422914,0.9959586162301972,0.9953119948270288,0.03448426670737135,0.0006596016299018924
4930452B06Rik,0.09109047778156265,0.08858603477998163,0.037099903006789524,0.024409957969608796,0.07613733790170416,0.02882542779609558,0.9776107339152926,0.9777723892660847,0.06321921780615262,0.007198820967172545
4930467D21Rik,0.024885076567609687,0.024195595011529483,0.006142903330100227,0.00662786938247656,0.00998489648778794,0.006583940729923446,0.9954736501778209,0.9933721306175234,0.09018995624043172,0.0012274504356111313
4930509J09Rik,-0.0038327532509413315,-0.004208264747290253,0.00606207565470417,0.0038797284190106693,0.009743399961679371,0.0038646761264047886,0.9954736501778209,0.9961202715809894,0.014143545571999597,0.013547414259436197
5830418P13Rik,0.006875683189138352,0.003307399948837796,0.008163595215001616,0.009860976398318785,0.013593232855099,0.010248703595169483,0.9941804073714839,0.9903006789524733,0.06775783919292504,-0.005518682179832428
6430628N08Rik,0.005952089248311255,0.012058500999503556,0.008406078241189783,0.0040413837698027805,0.014801630121477225,0.004186706337821395,0.9941804073714839,0.9960394439055933,0.13895637067270045,-0.00404414594919299
6530403H02Rik,-0.003684475518520234,-0.0038735880197220685,0.0032331070158422245,0.0054154542515357255,0.004192586139619004,0.005386127106786086,0.9972518590365341,0.9945845457484642,0.07100339076016068,0.004315682861596216
9330158H04Rik,-0.0019068753182510903,0.0014063829976577677,0.01066925315227934,0.010265114775299062,0.01976977518460226,0.011452985000281746,0.9928871645651471,0.9903006789524733,0.11836007412876146,0.012387147781574468
9630002D21Rik,-0.0020255898166845533,-0.002203827172438585,0.0021015195602974456,0.0029906239896540575,0.0032286906313799117,0.002981680157805714,0.9983834464920789,0.9970093760103459,0.019248461499022443,0.015045446743871987
A2m,0.5324144960412698,0.4178872959322212,0.4409957969608794,0.30286129970902037,2.497407608453075,1.2740202643060077,0.8739896540575494,0.8705140640155189,0.24930129857820205,0.13153118941407918
A330076C08Rik,0.10241023728740639,0.06740137882389817,0.01770126091173618,0.02247009376010346,0.03484670415941883,0.027299815222654608,0.9887649531199483,0.9799547365017782,0.10755561779943645,0.01138420612804985
A630012P03Rik,-0.002699539006240787,-0.002951989045517664,0.003475590042030391,0.0031522793404461687,0.005241719174603354,0.003142342475406707,0.9972518590365341,0.9968477206595538,0.056886123058936366,0.005479358069969984
A730046J19Rik,0.006500434675923656,0.012048661901069038,0.006142903330100227,0.005253798900743615,0.009499930435411605,0.005872817901022194,0.9953928225024248,0.9949886841254445,0.12216369121299527,-0.004410794599362656
A830009L08Rik,0.01022987227228754,0.01560414410151979,0.004930488199159392,0.004445522146783058,0.007492664097951121,0.004425759479625822,0.9962010992563853,0.9955544778532169,0.03424610354225023,0.001229884293941254
A830019P07Rik,0.0013278322635550857,-0.0008788807232487241,0.014548981571290009,0.009618493372130617,0.028078013523857723,0.009525977957380713,0.9907048173294536,0.9903815066278694,0.15917539206108464,0.0012749407279435791
A830036E02Rik,0.029235706221350834,0.026364976310710955,0.010830908503071451,0.008001939864209506,0.02122119772555678,0.008746185576578197,0.9930488199159392,0.9924021985127708,0.08796228453541796,-0.0001497669089077039
AW551984,0.2097461021160022,0.19455263196968056,0.030472033624312965,0.04518267054639508,0.06656256412250515,0.08743476294573399,0.9822987390882638,0.9693663110248949,0.40431132866794117,0.1407264349319999
Abca8a,0.06268719926653439,0.09092986809503562,0.07727125767862916,0.10127707727125768,0.16764699948749034,0.17588909005649597,0.9560297445845457,0.924426123504688,0.22523763576953854,0.04180182054749265
Abcc9,0.11334635711943906,0.10369809360154833,0.20368574199806014,0.17911412867765922,1.2454503661626972,1.3120823707441902,0.9515033947623667,0.9440672486259295,0.17776148359855898,0.010387014319593948
Abhd12b,-0.004478708610855013,-0.004922377870620842,0.005496281926931782,0.0059004203039120596,0.008699179827753688,0.006027260694940043,0.9958777885548011,0.9941804073714839,0.09046235770985799,-0.0040159510758553014
Abi3bp,0.23610192758645474,0.2204732739551434,0.054962819269317814,0.04582929194956353,0.1264650244824494,0.06797727056777725,0.9699321047526673,0.963546718396379,0.2501726803084674,0.08601081111208224
Acsbg1,0.5241943133832848,0.3610967493355838,2.296152602651148,1.3203200775945685,16.871394832192546,7.391656282936099,0.5235208535402521,0.6091981894600711,0.2772885353460414,0.1040493808624483
Acta2,0.21542612733453728,0.1705228456840897,0.2767539605560944,0.29671839637892017,3.548528486829609,8.000464497811627,0.9637892014225671,0.9663756870352409,0.40834817646200683,0.23858848319796816
Actn2,0.28915264398007823,0.2720045017947695,0.07694794697704493,0.032654380860006466,0.21603181009358657,0.08089295426224476,0.9647591335273198,0.9770449401875202,0.2704179117067223,0.06731178634263657
Acvr1c,0.0063021011731217115,0.0062902743003993115,0.013740704817329454,0.02796637568703524,0.02616101521023715,0.031710607340147585,0.9911089557064339,0.9740543161978662,0.04321842892384081,0.006769502339184043
Adad1,-0.004988105005529636,-0.005549531000658922,0.007112835434852894,0.005981247979308115,0.012235214232277155,0.005945472651918444,0.9949078564500485,0.9940187520206919,0.03464367079596239,0.010046678651331062
Adam12,0.1156604450374877,0.07798707221151893,0.04421273844164242,0.02481409634658907,0.09544258261173792,0.03147284775474632,0.9742967992240543,0.9780956999676689,0.2287587331991106,0.020320045833510252
Adam18,-0.0061788135237829155,-0.007195858846634896,0.008891044293566117,0.008891044293566117,0.01673310581374941,0.009781925729689838,0.994099579696088,0.9913514387326221,0.06355621182567278,0.023801541101527712
Adam33,0.042504848015664065,3.2724226086816044e-05,0.015276430649854511,0.009699321047526674,0.03379508200833959,0.011060142375876467,0.9910281280310378,0.9908664726802457,0.0941056944753212,0.0012853409697706712
Adamts12,0.005521536955466908,0.01377849355814029,0.008891044293566117,0.010022631749110895,0.01608648441058097,0.010730455355895913,0.9940187520206919,0.9903815066278694,0.142346721899541,0.007122597320782404
Adamts16,0.3785901675249484,0.44796092738024007,0.33074684772065954,0.15882638215324926,1.0868561185844698,0.31303800186458597,0.8739088263821533,0.9003394762366634,0.3530333671201398,0.11776770172631951
Adamts18,0.06252927993145498,0.07135954281640776,0.09553831231813772,0.04881991593921759,0.20393418322340454,0.05548923139125119,0.9450371807306822,0.9553022955059812,0.27784725188172316,0.022217601714999213
Adamts19,0.06677199501709508,0.0689981376532965,0.018105399288716458,0.01268994503718073,0.037014580549573836,0.01608532804957126,0.9887649531199483,0.9888457807953444,0.06956495545347861,0.03634607206868392
Adamts2,0.14934205839442558,0.1339440735052492,0.13870029097963144,0.07169414807630133,0.30488120762034854,0.09775357991078704,0.9233753637245393,0.9403491755577109,0.31406385454192415,0.03406919891773661
Adamts9,0.10679010480014073,0.11542291360431411,0.08074684772065956,0.03273520853540252,0.18205091328217432,0.040393003600307294,0.9553831231813773,0.9711445198836082,0.15820190465931774,0.00819303711531987
Adamtsl1,0.11727599012794115,0.1229509887284653,0.1504203039120595,0.07565470417070805,0.33519785114934186,0.10193882936440352,0.9186065308761721,0.9371968962172648,0.26661364715139646,0.03655765458417526
Adamtsl3,0.12757983909135823,0.09915961891957674,0.03354348528936308,0.0165696734561914,0.0804299590692624,0.024539542268143703,0.9820562560620757,0.9860976398318785,0.2252110280002602,0.02185864944135302
Adcy2,0.2320400789981459,0.19156406585548866,0.1994018752020692,0.18784351762043325,0.5461587111119056,0.49494436348618115,0.9050274814096346,0.8897510507597801,0.21645018421515203,0.06812162998665396
Adcy7,0.1807868815674582,0.20907135576136288,0.13005172971225348,0.07169414807630133,0.32248195658688844,0.11763718805829189,0.9347720659553831,0.9463304235370191,0.09809829446093038,0.03495340713823793
Adcy8,0.3743023514659512,0.28111005511404236,0.5275622373100549,0.3396378920142257,1.5882315936855216,0.8667023583703516,0.7769156159068865,0.8005172971225347,0.2753396891062168,0.0765323059641905
Adcyap1,0.281833061557339,0.29979696664194727,0.05375040413837698,0.057468477206595536,0.14785450866860486,0.19415938512016342,0.9747009376010346,0.9710636922082121,0.40683625141981017,0.13524266658592518
Adgrd1,-0.005112401704330888,-0.005616251070234614,0.006789524733268671,0.006385386356288393,0.010784810856967784,0.006667923898954035,0.9949886841254445,0.9937762689945037,0.1369754638985176,0.0001654198938244933
Adgrf5,0.34367971068669223,0.42391099445234953,0.17418364047849985,0.23229873908826382,0.47378227083485563,0.6603922909681644,0.92151632719043,0.8873262204978984,0.0868949267549668,0.03835963525730242
Adgrg2,-0.005200605916162126,-0.005669858680533841,0.00460717749757517,0.009052699644358229,0.006687470973378452,0.009617369676674063,0.9963627546071775,0.991270611057226,0.01726703183875185,-0.0008455064524778034
Adgrg6,0.03629705332481728,0.03300853221005521,0.013902360168121564,0.01398318784351762,0.028581376822751626,0.023325323997992503,0.9914322664080181,0.9892499191723246,0.2501845397447709,0.05472660783538219
Adgrl2,0.5146922038776806,0.3369458713454131,0.30164888457807953,0.2694794697704494,1.107197410503929,0.8565757717254197,0.8823957322987391,0.8593598448108632,0.2728762517855687,0.14326930436992014
Adgrv1,0.032561965869623205,0.02528874365581068,0.018913676042677012,0.015923052053022954,0.03973279985499625,0.019710892236152088,0.9886841254445522,0.9853701907533139,0.24245481074859593,0.04073929219521291
Adh5,0.023609048400954895,0.029561282468517178,0.17095053346265762,0.14775299062398967,0.3415324621505399,0.18039989760262842,0.899612027158099,0.8752020691884901,0.332052744891008,0.024678740136945015
Adora1,0.1666439154338366,0.18072330838046874,0.5185095376656967,0.4231328806983511,1.1179082861198317,0.7036776082721354,0.747090203685742,0.7259133527319754,0.4011171579572131,0.07812868714962842
Adora2a,0.041443720487058515,0.03803195805544651,0.04784998383446492,0.027723892660847075,0.11361726556498518,0.04004936185074792,0.9743776268994504,0.9775299062398966,0.17560409462733997,0.005548966150321443
Adra1a,0.12202027481389396,0.120741968380217,0.07516973811833172,0.05633688975105076,0.16117783248868023,0.07466320625962036,0.9565147106369221,0.9523116715163272,0.13038227048629691,0.03255402806818588
Adra1b,0.016830063159361044,0.02025778178773357,0.05148722922728742,0.028693824765599743,0.10670891003736,0.034983324620779487,0.9691238279987068,0.9736501778208859,0.18946708268570128,0.021541039445635915
Adra2a,0.14175436964824012,0.1451314451452951,0.11210798577432914,0.1188975105075978,0.25747706302384454,0.21339328823510897,0.9398642095053347,0.9175557710960233,0.17511356725051513,0.06801199452793982
Aff2,0.14000859566029764,0.12526404245852096,0.05706433882961526,0.097397348852247,0.11798517432802229,0.14077240499786198,0.9657290656320724,0.923052053022955,0.08484191534193196,0.042457625717192624
Agt,0.5836371704419658,0.47319887081805817,1.4573229873908826,1.0597316521176852,18.794250447570512,11.254353241925752,0.7379566763659877,0.7647106369220821,0.38800418423456345,0.16331546478875628
Agtr1a,0.004340069335472574,0.010876103189133082,0.006304558680892337,0.006466214031684449,0.011276127095286971,0.0075559895633273136,0.995635305528613,0.994099579696088,0.13976046294437097,0.013939517607271272
Agtr2,0.029933556900822833,0.03813543373331346,0.0202069188490139,0.02222761073391529,0.039520552076280836,0.02415837431684674,0.9871483996120272,0.9789039767216294,0.06221788597670309,0.009920805011580474
Akain1,0.06648457919785589,0.06115885416336582,0.06668283220174588,0.05868089233753637,0.13659769345567085,0.07027139283565285,0.9599903006789525,0.9481086323957323,0.09184695804555552,0.009129535482273972
Akr7a5,0.04680187459246035,0.04994072480300742,0.15809893307468478,0.06102489492402199,0.32256373156368545,0.06780845492502487,0.9080181053992887,0.9439864209505334,0.25896166020816885,0.019660211284852378
Aldh1a3,0.026687546274720517,0.02511173336941633,0.01745877788554801,0.01624636275460718,0.03412778079346279,0.019377180818491355,0.9889266084707404,0.9849660523763336,0.13062596385474567,0.009060871646779739
Aldh1l1,0.3756176773739903,0.32964559412265293,0.7077271257678629,0.29712253475590045,2.6179389982845613,0.6595358521043097,0.7508082767539606,0.8268671193016489,0.3052021658484658,0.060312231029347164
Aldh3b2,0.003254927550708671,0.008028131904064578,0.00937601034594245,0.00533462657613967,0.01688590226316446,0.005306168335432186,0.9936146136437116,0.9946653734238603,0.08329541737984403,0.012123920826995257
Alk,0.18986923120011495,0.15434778343127523,0.09949886841254446,0.04817329453604914,0.2793822254271062,0.10259365635771081,0.9543323634012286,0.9684772065955383,0.2961462874705299,0.0948109270631706
Alox8,0.06278550449468706,0.04868272798693582,0.01842870999030068,0.010588425476883285,0.03619449192711053,0.011122932125968881,0.988360814742968,0.9896540575493049,0.0700875064980142,-0.001460654732781601
Alpk2,0.03262294889386496,0.033161909460053846,0.026834788231490464,0.03152279340446169,0.05262615990196776,0.03586373347659168,0.9831070158422244,0.9706595538312318,0.10212105592806692,0.012475926909612012
Amigo2,0.08309738276736031,0.0885421709660238,0.06563207242159716,0.050921435499515035,0.145061975201557,0.08130613446779149,0.9629000969932104,0.9606369220821209,0.3676650523108424,0.05875927141918479
Angpt1,-0.009849509332308604,-0.0036343971217354036,0.023844164241836406,0.03491755577109602,0.047685578043053525,0.03967956804936297,0.9852085354025218,0.9676689298415777,0.10576488923665091,0.006941508243534915
Ankfn1,0.19095046673516278,0.17017420912956116,0.04300032331070158,0.03200775945683802,0.10823826608460287,0.07091213443702074,0.9780148722922729,0.9778532169414808,0.22625676720806703,0.11919831690111381
Ankrd63,0.01853281537904366,0.028382569076984724,0.004364694471387003,0.014144843194309732,0.006447163473855892,0.014753043359275757,0.9965244099579696,0.9862592951826705,0.06821544235968283,0.010760585334749202
Ano1,0.08886089807701539,0.09567200513019204,0.08478823149046233,0.04526349822179114,0.24846889307844364,0.09122635313574318,0.9628192693178145,0.9698512770772713,0.2812646605350393,0.01680654375358467
Ano2,-0.0044152490913951705,-0.004897243096687569,0.004849660523763337,0.006547041707080504,0.007574282280033479,0.006827488653549788,0.9962819269317814,0.9936146136437116,0.0467720344187478,0.0034194241664851346
Antxr2,0.021500932406372766,0.03037563203086946,0.02174264468153896,0.02303588748787585,0.04309337444072631,0.025415031689771113,0.9864209505334627,0.9783381829938571,0.2181093245293737,0.010632779349686641
Anxa2,0.2415409082260413,0.26022808533572195,0.22421597154865827,0.1844487552537989,0.5906906639932122,0.49588489658182733,0.8971871968962173,0.8951665050113159,0.37881123643324727,0.10057159827609335
Apela,0.04241896866309961,0.04032551350955291,0.012932428063368898,0.011720012932428064,0.025050987027955135,0.012067620281672317,0.9916747494342063,0.9885224700937602,0.05401815394973171,0.0008185596490154325
Apex1,0.07187522193541299,0.0688449492448169,0.13829615260265116,0.12746524409957968,0.2877768576541274,0.1703837140361571,0.9202230843840931,0.8967022308438409,0.27018062074839455,0.03801169265507234
Apold1,-0.0011545498730785337,-0.008625949967094138,0.01697381183317168,0.02117685095376657,0.03382116872898754,0.028972814827833065,0.9892499191723246,0.9811671516327191,0.05788346812485017,0.015112641845207104
Aqp1,-0.006231534953368374,-0.006915928561971049,0.00978014872292273,0.007032007759456838,0.01744395425190158,0.006982558626328233,0.9932913029421274,0.9929679922405431,0.049839961279593274,-0.0074074074074034464
Aqp4,0.4467967886827962,0.2646523214791519,0.5027481409634659,0.3507112835434853,1.866707610993149,1.1140691675313972,0.8105399288716456,0.8254122211445198,0.19705478508358462,0.05141976072908214
Aqp6,0.05418475192482402,0.07416627427697295,0.058276753960556094,0.039928871645651474,0.12406906404740053,0.050782018865737175,0.9660523763336566,0.9654057549304882,0.3719901593068229,0.05084377329103493
Ar,0.03874718908357916,0.05391310826057653,0.023601681215648238,0.021985127707727127,0.047131289127467724,0.025381510286420092,0.9852085354025218,0.9798739088263821,0.15199055124865699,0.01910088297310667
Arhgap15,-0.004516275422243673,-0.004891451552533533,0.005172971225347559,0.005981247979308115,0.007894352557515175,0.005945472651918454,0.9960394439055933,0.9940187520206919,0.0682280115197591,0.0034389976250439867
Arhgap22,0.14065854167577566,0.1024815635439337,0.06805690268347882,0.025460717749757517,0.1526589143178557,0.03144033898388275,0.9620918202392499,0.9774490785645005,0.06114718105248092,0.012589094265534796
Arhgap25,0.09734462120909647,0.11545487128484837,0.03184610410604591,0.018913676042677012,0.06752769438912203,0.023082298723393825,0.981086323957323,0.9831070158422244,0.0704162966087356,0.007219106943322429
Arhgap28,0.03082978111527677,0.035635224262644496,0.017377950210151955,0.010750080827675396,0.034534734942193446,0.01176610404541931,0.9890882638215325,0.989734885224701,0.2663930500587587,-0.008221473870460232
Arhgap36,0.1532222778883328,0.15504990476735295,0.03758486905916586,0.05172971225347559,0.09857121208272614,0.2165286925440785,0.9809246686065308,0.972518590365341,0.19364705809053143,0.0859451662134552
Arhgef26,0.19543428344823915,0.18440998813557097,0.2520206918849014,0.17523440025864856,0.5855318042921823,0.2843591836597437,0.8722114451988361,0.8737471710313611,0.22940503795904443,0.04533893037742927
Arhgef38,-0.004856441995459778,-0.0052982222295383154,0.005496281926931782,0.006870352408664727,0.008860835178545799,0.0068231506664459315,0.9959586162301972,0.9931296475913353,0.02575249060678365,-0.0025079910697897692
Arntl,0.04806225974074334,0.051532566379508274,0.11679599094730035,0.08204009052699644,0.23732862860339085,0.09535477757155694,0.9306498545101843,0.927335919818946,0.26311885441064775,0.014634216637677557
Arsj,0.03259371504225597,0.033339679938667974,0.00978014872292273,0.005981247979308115,0.01841388635665425,0.006107128002710574,0.9935337859683155,0.994099579696088,0.07875860623693853,-0.0011824326733690437
Arx,-0.0010224438780456278,0.004166540424199213,0.01268994503718073,0.014225670869705788,0.024006440238373956,0.01418495650880404,0.9917555771096024,0.9858551568056902,0.07188900642314515,7.33835657660585e-05
Asb2,0.05770427246021532,0.06387280467205182,0.06401551891367604,0.031037827352085354,0.17485448666507988,0.05723257955841966,0.9699321047526673,0.9766408018105399,0.3022927817695977,0.05532565695752391
Asb4,0.0007900522148259442,0.004453511838052311,0.012609117361784675,0.01753960556094407,0.02441262347975765,0.02984108515949023,0.9919172324603944,0.9858551568056902,0.12391777672156555,0.025765925288911005
Ascl1,0.05059794038088685,0.03179733028415892,0.02352085354025218,0.01826705463950857,0.048185857712559545,0.02051985496697556,0.9856126737795021,0.9830261881668283,0.07846117656309742,0.0033134876415451472
Asic4,0.14787724853140208,0.10734807434624695,0.05698351115421921,0.03216941480763013,0.15153787783998346,0.0599091959995826,0.9721144519883608,0.9763983187843518,0.12334657089751966,0.014771475012298288
Atp10a,0.35655256171206795,0.45653238171390265,0.42086970578726157,0.2595376656967346,1.5990568575788662,0.7073734687561115,0.8592790171354672,0.8720497898480439,0.10403037781134432,0.055659898311426814
Atp6ap1l,-0.004078268400658701,-0.004528757044002853,0.006870352408664727,0.0042838667959909475,0.0113495004886246,0.004588825982849212,0.9950695118008406,0.9958777885548011,0.08812953056798095,-0.0009251679373186149
Atp6v1c2,0.006494481448788391,0.012488641644886115,0.004930488199159392,0.006466214031684449,0.008624251553495903,0.006586057458573598,0.9965244099579696,0.9936146136437116,0.015956319918271754,0.005871087374581964
Avpr1a,-0.0010831094232971559,-0.0020120428826249184,0.01713546718396379,0.010830908503071451,0.035432208289443885,0.013785051589124523,0.9895732298739088,0.9903006789524733,0.05556690538182762,0.02011584680391687
B020031H02Rik,0.16218003562973435,0.07075130250971885,0.018186226964112512,0.01066925315227934,0.03790075161114409,0.013626871854499536,0.9889266084707404,0.9906239896540575,0.2900462842062617,0.06775669570086144
B230323A14Rik,0.0940879693219643,0.11524609147221766,0.05415454251535726,0.06207565470417071,0.11895542002220423,0.0826322257668172,0.9691238279987068,0.9473003556417717,0.1335235895690468,0.029127269806262544
B930025P03Rik,0.0024876289450627147,-0.0008194563629384407,0.012043323634012285,0.022146783058519238,0.022082569089761733,0.023434511917396927,0.9919172324603944,0.9786614936954413,0.05489173541957116,-0.008577927105643937
B9d2,0.05675542201239614,0.05369475885478071,0.12358551568056902,0.05706433882961526,0.2515387767963474,0.06350732111107153,0.9270934367927578,0.94754283866796,0.19618407182019992,0.027435397531664216
Bace2,0.03159578489963965,0.02251520873208056,0.01050759780148723,0.009860976398318785,0.019934853886663974,0.010733669647545201,0.9931296475913353,0.9906239896540575,0.11441394143018697,0.006285996933994283
Baiap3,0.5755054111318678,0.4456293787565677,0.8375363724539282,0.4907048173294536,14.685212423911443,5.100220744746518,0.8903976721629486,0.8901551891367604,0.5589629562163109,0.3371928705791899
Barhl1,0.06964151778836022,0.045479813443254684,0.02449078564500485,0.010992563853863564,0.04927087713785674,0.011680004147740664,0.9848043970255416,0.9894115745231167,0.11978435939307858,0.009831735107714611
Barhl2,0.24759171815431047,0.2845991339523386,0.18250889104429358,0.1471063692208212,0.45715283899304754,0.2779070811524816,0.9115745231167152,0.9043808600064662,0.37205954572291616,0.15311637775636489
Barx2,0.022413682565274765,0.009661951499285453,0.03435176204332364,0.025703200775945685,0.06986748311765176,0.027144065806109202,0.9790656320724216,0.975266731328807,0.13900894954346896,0.004637237884264108
Baz1a,0.0419319912041282,0.03221395525948632,0.016812156482379565,0.019641125121241512,0.03269504295600266,0.02200349228868761,0.9892499191723246,0.9814096346589072,0.10677138283742987,-0.0009179051631604961
Bcl11a,0.25794411349680246,0.26721302469967534,0.08551568056902684,0.07735208535402521,0.22579408421904054,0.20117798693154051,0.9586970578726156,0.9555447785321695,0.13673127191725742,0.10288725051740248
Bcl11b,0.06785469427496103,0.06934697244597483,0.0172971225347559,0.019964435822825737,0.03461836532311367,0.0250621390520392,0.9892499191723246,0.9822179114128677,0.06423373771850269,0.03888000126513259
Bcl6,0.052468921850529184,0.057997160630893295,0.18105399288716456,0.13805366957646298,0.3713578286398927,0.1713711875495982,0.8960556094406725,0.88360814742968,0.2817199133041729,0.016579716668858924
Bdnf,0.026700297786288383,0.03544109172093936,0.02174264468153896,0.028612997090203686,0.04325502979151842,0.03749361453523957,0.9865017782088588,0.975266731328807,0.09453342457985175,0.0381865380312809
Bhlhe22,0.32612215588106586,0.3684789097656753,0.15979631425800195,0.21427416747494343,0.4060040968890988,0.5915744570014894,0.9224054316197866,0.8913676042677012,0.4519647487714859,0.20845987323076662
Bhlhe23,0.011609093530565894,0.018121577498009758,0.0045263498221791145,0.0040413837698027805,0.006930692241348042,0.0041867063378222096,0.9965244099579696,0.9960394439055933,0.026146809746090127,-0.0036930464616415485
Blnk,0.22831598708285877,0.25401377591087526,0.03208858713223408,0.039928871645651474,0.07422088836958479,0.08408302112889515,0.9822179114128677,0.9743776268994504,0.041271639724568335,0.0003206352452412947
Bmp2,-0.0009139118455844358,-0.0016547633743242973,0.029502101519560297,0.02028774652440996,0.060154520929951535,0.021331052022504123,0.9818946007112835,0.9804397025541546,0.18453256455110004,0.008880113843498818
Bmp3,0.008369771203135005,0.01959238538828468,0.010992563853863564,0.01050759780148723,0.020247737739724745,0.011367120294678835,0.9926446815389589,0.989896540575493,0.0459784653137483,0.020290349846699068
Bmp4,0.14494193967495697,0.17999954833287335,0.06732945360491432,0.04518267054639508,0.21426726197438623,0.17311209886558343,0.9714678305851924,0.9730035564177174,0.3160270753488706,0.032836002306570175
Bmp6,0.15106290597470257,0.11141659598925015,0.08842547688328484,0.06708697057872616,0.22027663500563258,0.1403425326883393,0.954898157129001,0.9529582929194956,0.31724603306339844,0.07269970510748883
Bmpr1b,0.07255631055871384,0.07603041622594,0.05835758163595215,0.0779178790817976,0.12106901277552883,0.11032065668972708,0.9651632719043001,0.9350953766569673,0.1774975380784908,0.040697443968252305
Bnc2,0.07800366277590012,0.06757571926625497,0.02101519560297446,0.026188166828322017,0.044983515126351965,0.06753273795242976,0.9874717103136114,0.9822179114128677,0.1692750602330844,0.04158250291767506
Boc,0.3019425210261123,0.2723828060928677,0.4262043323634012,0.24078564500484967,1.1079554280187347,0.4353135761017023,0.8106207565470417,0.8402036857419981,0.36171766859911664,0.04479667576516844
Brs3,-0.003531348897425728,-0.003836773345349682,0.004445522146783058,0.004203039120594891,0.006688934390715076,0.004185373582745053,0.9965244099579696,0.9957969608794051,0.045174704782893066,-0.0045048701298717264
Bsx,-0.0029087215852038033,-0.003121313631597255,0.0038797284190106693,0.0030714516650501133,0.005481229634326502,0.0030620178497201495,0.9968477206595538,0.9969285483349499,0.05649636706904752,-0.0033241446408307134
Bves,0.10637427804917172,0.06567151159748953,0.010588425476883285,0.01066925315227934,0.02033728712112256,0.01718328957192597,0.9931296475913353,0.99118978338183,0.0772442903928718,0.03267452010961262
C030029H02Rik,0.25494707091826085,0.2833028678351253,0.16884901390236018,0.16036210798577433,0.4319652772355295,0.3289558339602469,0.9193339799547365,0.9020368574199806,0.2689332850953094,0.09856510396392706
C130074G19Rik,0.2632101801858512,0.31002351663402106,0.2802295505981248,0.21960879405108308,0.9401425919880619,0.6510121974264593,0.8911251212415131,0.8889427740058196,0.12857434109050364,0.04905675405717587
C1ql1,0.169226058913435,0.11205744095368482,0.12827352085354024,0.08842547688328484,0.43222032997134097,0.2695815169971451,0.9506951180084061,0.9531199482702878,0.11551546974310985,-0.00020286513130718457
C1ql2,0.16620083161527732,0.15199858118595674,0.04275784028451342,0.033058519236986744,0.1136745152351675,0.09484958500092529,0.9791464597478177,0.9812479793081151,0.05415330655861717,0.005255981945894147
C1ql3,0.24993845014049482,0.1856919171305439,0.05504364694471387,0.12374717103136114,0.13882276725110326,0.6262158972802272,0.9717103136113805,0.9415615906886518,0.24043784162341827,0.15495545453959525
C1qtnf7,0.018386200219472723,0.003944367057952716,0.010750080827675396,0.007759456838021339,0.020010526935816297,0.008507524421565429,0.9928871645651471,0.9925638538635629,0.2915879160505975,0.002386700823824537
C230014O12Rik,0.011538689788128597,0.010031447219925264,0.039524733268671196,0.020853540252182348,0.07966960923307628,0.028501437650750198,0.9757516973811833,0.9817329453604914,0.2305387183768397,0.016882546511115308
C7,-0.002356879286219006,-0.002572852194810804,0.0036372453928225023,0.0022631749110895573,0.005402224697488117,0.002258052950411785,0.997090203685742,0.9977368250889105,0.02998673356721382,0.021595222664562583
C730002L08Rik,-0.007513023690890288,-0.00862280573338902,0.014468153895893954,0.008406078241189783,0.02816118658686024,0.009305348194547173,0.9908664726802457,0.9919980601357905,0.10051163070166277,0.0052651434305735585
Cacng5,0.5138791649615316,0.43493418259883804,0.21556741028128032,0.2632557387649531,0.6587521594552074,1.0584849708081046,0.9118978338182994,0.8882153249272551,0.31247634264595464,0.15411586795650162
Calb1,0.2503313528282147,0.2577205880802193,0.42151632719043003,0.5119624959586162,1.4722593237715735,3.453057674636679,0.8427901713546718,0.797930811509861,0.44952873230154256,0.16516902327422037
Calb2,0.23617905876988968,0.23202322980728038,0.5345134173941157,0.4725185903653411,1.9390771719020947,2.644815415511578,0.798092466860653,0.8058519236986744,0.40480995859007185,0.09993836822967087
Calcr,0.00038440124138428494,0.013790625970428783,0.010265114775299062,0.014548981571290009,0.022122238152565234,0.0463450681633863,0.9937762689945037,0.9907856450048497,0.06686756221110614,0.034303691975272985
Calcrl,0.02265000068882202,0.02319587872774739,0.02982541222114452,0.0482541222114452,0.0588420969035239,0.05675657040413675,0.9812479793081151,0.9565955383123181,0.1202197086251203,0.023762181694358394
Caln1,0.18493927280134628,0.17052271020758383,0.45263498221791143,0.30294212738441645,1.0437475023908582,0.5411067658068611,0.7828160362107985,0.7973650177820886,0.39101908771475347,0.0757000899983206
Car12,0.09306213963913627,0.06120399267300603,0.027643064985451018,0.02222761073391529,0.06583786548455996,0.03644418097704883,0.9850468800517297,0.9808438409311349,0.18681062209083873,0.031818532468559806
Car3,0.035118739203215364,0.024076773356452717,0.005577109602327837,0.0072744907856450046,0.008779112466653683,0.007383227920245691,0.9957969608794051,0.9928063368897511,0.07589000340083259,0.00736290884894302
Car4,0.25673023034239,0.2935586166055793,0.41812156482379564,0.27053022955059813,1.3758533095026273,0.7123775720737067,0.837213061752344,0.8541060459101196,0.2348847218579076,0.05147091732970085
Car8,0.17276002407942456,0.23303016245519548,0.3683317167798254,0.3315551244746201,1.4864623639374666,2.949075402472912,0.870675719366311,0.8649369544131911,0.48776559540713016,0.12384308998077823
Cartpt,0.13112247578513755,0.10991696826252888,0.049789848043970256,0.055690268347882314,0.13864609227327143,0.3526211934293933,0.9766408018105399,0.9749434206272227,0.47357535323937267,0.10493766455049117
Casq2,0.023926959589236973,0.02446423543336654,0.0338667959909473,0.03920142256708697,0.07879161109600656,0.09472900986547271,0.9814096346589072,0.975185903653411,0.0583010035559641,0.0030201509760517113
Casr,0.03795295513956444,0.03695744114279842,0.015276430649854511,0.008567733591981895,0.040746262092400384,0.017062061125059917,0.9919980601357905,0.9932104752667313,0.20078234592515853,0.05111473252186575
Casz1,0.24936213657315176,0.232751589249513,0.0518913676042677,0.021661817006142902,0.14312041238264306,0.033963355402720885,0.9757516973811833,0.9829453604914322,0.27398871699186894,0.08462995250559867
Catsperd,0.0022506355028330516,0.008953582641317553,0.01252828968638862,0.01010345942450695,0.02352555084857822,0.010324690233749285,0.9918364047849983,0.9900581959262852,0.027534934327432866,0.00178998959943505
Cbln1,0.45658023425403177,0.544454594765788,0.8940349175557711,0.758729388942774,4.655357240293857,3.492629100064021,0.7596993210475267,0.7519398642095053,0.6555170504753381,0.2800782664020988
Cbln2,0.2744219448437629,0.24342676751184697,0.07613967022308439,0.10588425476883284,0.21518561515113602,0.5131984825619076,0.9648399612027158,0.9510184287099903,0.12808994099286797,0.06511818697952924
Cbln4,0.16976179059445973,0.12587025451285644,0.026915615906886518,0.036372453928225024,0.06094706594754338,0.08580927867222903,0.9848043970255416,0.9766408018105399,0.09690488111892324,0.048406656172147546
Ccbe1,0.06552826835782681,0.044256604880729015,0.01786291626252829,0.015518913676042677,0.03516426572146631,0.016571319800694376,0.9887649531199483,0.9851277077271258,0.05999275053616582,0.005676298791411976
Ccdc141,0.2911482902022708,0.29281262618020015,0.3452958292919496,0.14775299062398967,1.0710391381558997,0.2760998652715862,0.8602489492402199,0.9010669253152279,0.08374763102479203,0.039046534465341176
Ccdc187,0.14806210742999054,0.15476898511173687,0.2698836081474297,0.08438409311348205,0.7314790359194739,0.134812722824899,0.8818299385709667,0.93606530876172,0.41262167624369994,0.04591269250511041
Ccdc192,-0.0041286001615190564,-0.00450156744274359,0.005577109602327837,0.004768832848367281,0.008455801765069462,0.004907746432422895,0.9957161332040091,0.9953119948270288,0.09202549024606767,-0.004686211108907857
Ccdc3,0.13528443431755127,0.11761785290292236,0.05447785321694148,0.03176527643064985,0.13233769212187046,0.054842890911954045,0.9715486582605884,0.9761558357581636,0.284491166896694,0.07897764790069968
Ccdc42,0.014311377617381433,0.021193129141890348,0.0032331070158422245,0.004364694471387003,0.00500086289357956,0.00434564391356004,0.9974943420627223,0.995635305528613,0.04387839706806644,-0.004478540888671491
Ccdc80,0.010607352360855193,0.009597935751761348,0.02723892660847074,0.01673132880698351,0.0570498287853981,0.019361187757590704,0.9836728095699968,0.9844810863239574,0.2176089741996872,0.01875286607570053
Cckar,0.2178634004519547,0.10765853154042267,0.012204978984804398,0.012043323634012285,0.03032307211229344,0.038571414870549756,0.9932913029421274,0.9924021985127708,0.17909724770208374,0.2804537284153708
Cckbr,0.18915507973909948,0.19256881209804907,0.0460717749757517,0.03693824765599742,0.10764137473842723,0.07194626744430582,0.9749434206272227,0.9731652117685096,0.22565815236399378,0.05195765197087015
Ccn2,0.039950975206658745,0.038596067453749404,0.05771096023278371,0.0353216941480763,0.13908780911686006,0.05137119460532875,0.9695279663756871,0.9703362431296476,0.3149723612412023,0.025593641675036524
Ccn3,0.27301949525847485,0.13951178542211917,0.061913999353378595,0.025137407048173296,0.3128494888858157,0.15916442502488323,0.9818137730358875,0.9890882638215325,0.4495509334454345,0.07033364045557228
Ccn4,0.05839866528859529,0.0660458958943188,0.029340446168768186,0.01624636275460718,0.061780586650560715,0.01953883616928152,0.9825412221144519,0.9853701907533139,0.2553713407168299,0.013060484381951534
Ccnb1,-0.006543672284342281,-0.00757089681637221,0.016892984157775622,0.005738764953119948,0.03455135518194511,0.006352452933099556,0.989734885224701,0.9945037180730683,0.0841172604003273,0.0016886975534451752
Ccnd2,0.09488166829264387,0.07701460596269823,0.1001454898157129,0.10952150016165535,0.23641446315214454,0.2551405081862282,0.9470578726155836,0.9263659877141933,0.33074970596586534,0.08972839393003708
Cd247,0.014478784787342932,0.009497471582553336,0.00606207565470417,0.006789524733268671,0.009581744610887259,0.0072283931395428665,0.9954736501778209,0.9934529582929195,0.0255870037902913,0.014249510133541839
Cd24a,0.3009927394207343,0.1697582781170481,0.08131264144843195,0.14953119948270288,0.2100064244021077,0.7991729131063993,0.9597478176527643,0.9298415777562238,0.3110121315992059,0.2280805944912797
Cd34,0.31260690224922627,0.33217526966435856,0.19107662463627545,0.21855803427093437,0.5001854881474171,0.6174441541652805,0.9107662463627546,0.8903168444875526,0.061957051463285714,0.018923306807436695
Cd36,-0.0059961919960425355,-0.00777986161390862,0.009537665696734561,0.011558357581635953,0.017044500117021123,0.01983084019284493,0.9935337859683155,0.9907856450048497,0.08748929961340693,-0.00030890685080246165
Cd44,0.019706382930140813,0.01614640089513517,0.013094083414161009,0.017054639508567733,0.02488512435232023,0.018541987638514425,0.9915130940834141,0.9838344649207889,0.04674519489765302,0.005762311548642114
Cd79a,-0.002269748463117926,-0.004342857169642167,0.008082767539605561,0.006304558680892337,0.027901044555935933,0.01806565182855842,0.9957161332040091,0.995635305528613,0.0627626806334249,0.0003142579822973215
Cdc14a,0.0015253264675595796,0.005326340861741836,0.030633688975105076,0.034513417394115745,0.06380454509201706,0.03720196983291408,0.9816521176850954,0.9673456191399935,0.12244122178528799,0.0042048542323623985
Cdh20,0.150610576278067,0.1866306358428187,0.36606854186873583,0.22057872615583576,0.8248525358775052,0.3436017342644981,0.8182185580342709,0.8416585838991271,0.43093939583668106,0.0635458881856513
Cdh23,0.11254404175120278,0.09246674639230744,0.026834788231490464,0.006870352408664727,0.087867026374648,0.009732946980703969,0.986986744261235,0.9939379243452958,0.04745746950859806,0.009333549024125235
Cdh3,0.07379521404557023,0.060659223775381736,0.021257678629162627,0.011881668283220174,0.05119699567737878,0.013357047749949306,0.9884416424183641,0.9888457807953444,0.07507144842041426,0.012867110292662614
Cdh6,0.028327277223900542,0.04573897289232024,0.0375040413837698,0.04809246686065309,0.07845119017118744,0.06323835937744181,0.9776107339152926,0.9592628516003879,0.1624149750504425,0.0417695842911506
Cdh9,0.07006112354210912,0.07188074995691067,0.029178790817976075,0.028612997090203686,0.06001183773963066,0.036685337781279054,0.9822987390882638,0.9744584545748465,0.10276530229550153,0.02023812831104328
Cdhr1,0.048400530324031694,0.04443704514000517,0.020691884901390237,0.01123504688005173,0.040147338948047534,0.01385696156512742,0.986825088910443,0.9896540575493049,0.0936115859164986,0.009733298444704034
Cdk15,0.022417293535904263,0.03522758333957801,0.005172971225347559,0.004445522146783058,0.008056007908307286,0.004749070181210044,0.9960394439055933,0.9957161332040091,0.11556040690806821,0.009794710031191228
Cdkn1a,0.04141730173406868,0.03766266575344689,0.10548011639185258,0.07080504364694472,0.2340242845221979,0.10572056108676044,0.9416424183640478,0.9430164888457808,0.26067723039596724,0.015183536741210764
Cdkn1c,0.16248859613654895,0.1379218884261034,0.15122858066602005,0.16108955706433883,0.39913120963254745,0.5174546162925059,0.9291949563530553,0.9032492725509215,0.41216514964122986,0.08671454114158926
Cfap206,0.008213674940063876,0.010920700060319762,0.013013255738764953,0.008810216618170061,0.024159785469290238,0.010025839507653735,0.9914322664080181,0.9917555771096024,0.22871376480921918,0.05139071435104855
Cftr,-0.002991851244916802,-0.0033713850834760886,0.003556417717426447,0.004203039120594891,0.004998667767574624,0.004993650336704014,0.997090203685742,0.9961202715809894,0.027076079645053264,0.012818567167315132
Cgnl1,0.2712443603569994,0.2714611283872594,0.46807306821855804,0.4306498545101843,1.4090194683112132,1.2915856429983117,0.8111865502748141,0.7910604591011963,0.2534830080240904,0.09049005488886702
Chat,0.3327782719199119,0.19938825723590045,0.04995150339476237,0.045425153572583254,0.186479952384581,0.17414088778632014,0.9807630132557388,0.9788231490462335,0.2428219818711595,0.1958305990237999
Chn2,0.2117139871201732,0.19653192936375832,0.3762528289686389,0.4828645328160362,0.8543115972478975,1.1341227999481696,0.8140155189136761,0.7308438409311349,0.607076757168951,0.17951288829820966
Chodl,0.0827565441570601,0.022481367996419397,0.01252828968638862,0.01883284836728096,0.025950381110459893,0.059053665238460416,0.9923213708373747,0.986825088910443,0.06414944522226301,0.033876210002944274
Chrdl1,0.020948756829664406,0.00853262670239481,0.006789524733268671,0.006951180084060782,0.01126977690934412,0.007711137933460285,0.9950695118008406,0.9933721306175234,0.03742208804051867,0.00917748580323531
Chrm1,0.03337131737272715,0.01503149800884107,0.01842870999030068,0.012851600387972843,0.03619449192711053,0.013333058158614634,0.988360814742968,0.9874717103136114,0.10730484318144193,-0.0010917057314053032
Chrm2,0.18902978856974717,0.17515166056897938,0.053507921112188814,0.06894600711283544,0.12209648854055376,0.13871557193117837,0.9703362431296476,0.9529582929194956,0.09784382517617374,0.03719109367719723
Chrm3,0.13268736332318104,0.1081995097747604,0.06474296799224054,0.06021661817006143,0.1501083804266259,0.121576028084679,0.9646783058519237,0.9551406401551892,0.07948481118592013,0.033472918390615475
Chrna2,0.14670980144103227,0.09349471801203775,0.009699321047526674,0.016812156482379565,0.020274497371023017,0.040454499794039235,0.9940187520206919,0.9891690914969286,0.10419985667073432,0.11759081497473856
Chrna3,0.06994908618884918,0.07950126054002715,0.022712576786291627,0.02150016165535079,0.047091639664003544,0.02895901689296094,0.9860976398318785,0.9809246686065308,0.16522276807059136,0.040264834685891496
Chrna4,0.22542714377844505,0.20611057657311374,0.11032977691561591,0.07007759456838021,0.279372765479323,0.11382498589636297,0.9451180084060783,0.9476236663433559,0.09198524953323217,0.04889010530407102
Chrna5,0.05497804663433741,0.04141356475079361,0.01859036534109279,0.02279340446168768,0.03651181829708605,0.025506972190569348,0.9882799870675719,0.9786614936954413,0.06400348653922744,0.019264598156889766
Chrna6,0.07544207165528494,0.022510661162313993,0.007436146136437116,0.008325250565793727,0.013362097846382785,0.015045465502072424,0.9949078564500485,0.9934529582929195,0.13004590714519157,0.07958058233888177
Chrna7,0.14290710441156712,0.1390273844369393,0.09917555771096023,0.05302295505981248,0.23531454822895664,0.0925652232041185,0.9473003556417717,0.9581312641448432,0.11551941271026697,0.03146464093241576
Chrnb3,0.004034057852810988,0.01543550533090494,0.0202069188490139,0.015114775299062399,0.03855061997152817,0.015532940269893575,0.9870675719366311,0.9852085354025218,0.1248937715380406,-0.0009232812255304104
Chst9,0.09311540474545098,0.09322539735684049,0.02150016165535079,0.03491755577109602,0.04253806635949536,0.04921723374609854,0.9863401228580666,0.9714678305851924,0.2634118182129459,0.07372505543240522
Cidea,0.11280345116428091,0.112512174640712,0.05245716133204009,0.04857743291302942,0.10951788735010556,0.06804113828155708,0.9690430003233107,0.9602327837051406,0.26358466240589795,0.05084339344547169
Cited1,0.02251520097417869,0.015918190477236135,0.01899450371807307,0.012043323634012285,0.03673911183529363,0.013353180146988008,0.9877950210151956,0.9886032977691561,0.0557446521217017,-0.002608953468401878
Ckap2l,0.010698762178767685,0.014900832894972547,0.010588425476883285,0.008567733591981895,0.02163052992745945,0.009302604287038618,0.9934529582929195,0.9918364047849983,0.05572496197164542,-0.0044115430030065616
Cldn11,0.5103068699714557,0.7212036823967984,5.654057549304882,3.8380213385063047,137.13622424111097,65.74194914018538,0.646944713870029,0.6740219851277077,0.5588482694246926,0.2251564278238024
Cldn5,0.43082456300166044,0.5939001543726427,1.4279017135467185,1.306741028128031,21.135361164604245,19.131015017642195,0.8246039443905593,0.8248464274167475,0.15721601530174042,0.06635168815228519
Clic5,0.09745420614904968,0.10209232417107258,0.05108309085030714,0.0548011639185257,0.10844774382335969,0.08008768274031619,0.9700129324280634,0.95635305528613,0.13421741335468126,0.011518809612608273
Clic6,0.02606246406430134,0.011764591637915807,0.013174911089557064,0.009052699644358229,0.026903692975460896,0.010910612483007514,0.9918364047849983,0.9917555771096024,0.06136932252659836,0.01062923540720813
Clrn1,0.008450862474868849,0.01048471266398666,0.010911736178467508,0.01050759780148723,0.019845369836397262,0.01152877564546852,0.992725509214355,0.9899773682508891,0.04364989618650316,0.0064382270961680236
Clspn,0.00836540051399491,0.01422880141222052,0.0056579372777238925,0.00460717749757517,0.009343998091703793,0.004585951413080214,0.9958777885548011,0.9953928225024248,0.012514344791455825,0.0009487787678698129
Cnga3,-0.005468491214286501,-0.006635520142065689,0.008163595215001616,0.008163595215001616,0.01456316495985167,0.010198470488462721,0.9943420627222761,0.9923213708373747,0.03341773094538089,0.0015956212182074109
Cngb3,-0.002358301465515446,0.0032314504207641087,0.02303588748787585,0.00937601034594245,0.045945261240377906,0.011551275687025235,0.9856935014548982,0.991270611057226,0.08269278759506613,0.004106451778317431
Cnih3,0.15227318626211891,0.1665156558641221,0.082848367280957,0.0793727772389266,0.1862334645600565,0.12868218014477603,0.9542515357258325,0.9384901390236017,0.16255086677464023,0.04824756999183338
Cnmd,0.008984844622719092,0.0033839159164060955,0.011073391529259619,0.008971871968962172,0.02275161213712346,0.011154552393423386,0.9931296475913353,0.9918364047849983,0.041795082297508904,-0.005104290942828181
Cnpy1,0.47162790770405716,0.508859405470803,0.31522793404461685,0.7919495635305529,0.8602175118999348,3.8831618312736516,0.8603297769156159,0.7533947623666344,0.5054339174707241,0.3262520552035398
Cnr1,0.4260717738549411,0.4443497431506121,0.5143873262204979,0.5962657613967022,1.6266116275406362,2.4245350370336087,0.8017297122534756,0.7757840284513418,0.5605632017879555,0.2741550929369466
Cntnap3,0.00152783816599857,-0.00043042368860710925,0.013174911089557064,0.010345942450695119,0.02528713946753979,0.010885525328665458,0.9915130940834141,0.9899773682508891,0.07663432638070858,-0.002279827408503983
Cobll1,0.26899780009832297,0.3055279482199138,0.5567410281280311,0.5250565793727773,1.3159689458659976,1.094667997122203,0.7475751697381183,0.7158098933074685,0.2764519382277744,0.08313684681341187
Coch,0.030350304823884414,0.0305988951801889,0.014872292272874232,0.012770772712576785,0.02984671016988289,0.017780651302255285,0.9907048173294536,0.9891690914969286,0.23199886994952093,0.014333619927341758
Col11a1,0.43769732525639626,0.31120636702104293,0.32234076947946977,0.19455221467830586,2.4772474144290233,0.9399218250301226,0.9187681862269641,0.9131102489492402,0.17431643034583424,0.09645442790242945
Col12a1,0.07840065381453781,0.07245479158590798,0.06902683478823149,0.040252182347235696,0.16448844835845866,0.06805321800767579,0.9633042353701907,0.9689621726479146,0.16870111637096247,0.03444952604769225
Col14a1,0.0056789721471531525,0.0115719158058286,0.01899450371807307,0.01066925315227934,0.03916394209717529,0.011525352294202193,0.9884416424183641,0.989815712900097,0.16296902883218412,0.003999673496041199
Col15a1,0.05585947788450698,0.06193795950256138,0.10515680569026835,0.05803427093436793,0.34531126703822834,0.17833263768749136,0.9569996766892984,0.9660523763336566,0.33980106193966064,0.03986479651361522
Col18a1,0.11089308366461673,0.1420378275382332,0.21387002909796315,0.10079211121888135,0.9519964357425469,0.5684862784766805,0.9271742644681539,0.9472195279663757,0.16377993257857468,0.019241645123622263
Col19a1,0.08524501226080868,0.08600284131067858,0.03629162625282897,0.01640801810539929,0.07845983347983186,0.020826800220229265,0.9789039767216294,0.985531846104106,0.12837784633240762,0.020432159314920685
Col23a1,0.11614342100858294,0.10618225722440494,0.05544778532169415,0.03184610410604591,0.1265731344381925,0.042309459665547,0.9693663110248949,0.9728419010669254,0.19916997056334254,0.03127688709167251
Col24a1,0.12907030654600782,0.09878371308254649,0.02230843840931135,0.014791464597478177,0.059476468719611236,0.03041490155016884,0.9887649531199483,0.9888457807953444,0.055077149794231325,0.01553689518566439
Col26a1,0.06569688428258355,0.08226586054951596,0.06280310378273521,0.020530229550598123,0.14469786520860126,0.024150122994995075,0.9657290656320724,0.9813288069835111,0.14249054072986037,0.004687856749444492
Col27a1,0.3188492657923891,0.20665615733935688,0.26681215648237955,0.12059489169091497,1.1272432162505386,0.4211180424826225,0.8918525703200776,0.9275784028451342,0.14742074725863327,0.03185336658982392
Col5a1,0.08000795397816,0.08744210796796362,0.05156805690268348,0.020853540252182348,0.13038308920918912,0.029794680457099,0.973811833171678,0.9827028774652441,0.2163847944184631,0.023072804153148115
Col5a2,0.09627725643410799,0.0781237833483086,0.06959262851600388,0.026188166828322017,0.2441869339514809,0.08385992838241885,0.969447138700291,0.9818137730358875,0.18042681597428406,0.012019660745257984
Col6a1,0.22455642367179643,0.1697031965118356,0.20473650177820885,0.08195926285160039,1.2788880084865664,0.446079316801509,0.9523924991917232,0.9675072744907857,0.2075438840449895,0.0383421743149773
Col6a3,0.048185148827571064,0.048299244617472634,0.03152279340446169,0.00864856126737795,0.06851811433658746,0.010028661812515122,0.9817329453604914,0.9918364047849983,0.14739240375984144,0.01278372292950747
Col6a5,-0.0034961563862117725,-0.0041105183749451,0.006547041707080504,0.003960556094406725,0.011192183124937475,0.004914802194579265,0.9953928225024248,0.9963627546071775,0.11980553916275766,0.02993876926175195
Col8a1,0.0405057666912397,0.04712758143614564,0.030229550598124797,0.026753960556094407,0.0679513537080748,0.04592179429807792,0.9828645328160363,0.9794697704494019,0.264976603043781,0.06520288635088789
Colec12,0.10759569487182154,0.09693569368697935,0.08988037504041384,0.06304558680892337,0.2085396882440236,0.09964633384172085,0.9515033947623667,0.9521500161655351,0.31479132352154415,0.026016449495743065
Colgalt2,0.056438526393341605,0.055557723509005265,0.04631425800193986,0.021419333979954738,0.09525233835797677,0.02306206567210972,0.9719527966375687,0.979631425800194,0.08504409245833157,0.012020918442452719
Comtd1,0.014110776558633631,0.016329907780921287,0.06635952150016165,0.05027481409634659,0.1340542218597128,0.06051802987652719,0.9596669899773682,0.9543323634012286,0.08344874965451665,0.007728835169467337
Corin,-0.004497432091383374,-0.005341434784127959,0.009860976398318785,0.004849660523763337,0.01897809253794092,0.005957728772113169,0.9935337859683155,0.995635305528613,0.054726231146303914,-0.004057337860005557
Coro1a,0.27931129688177886,0.20570137199696442,0.30132557387649533,0.14831878435176205,0.8514919382952171,0.28458091098563637,0.862027158098933,0.8977529906239896,0.205140788501011,0.01885446857223377
Coro6,0.5741960101430755,0.6294798002359643,1.3135305528612997,0.5648237956676366,12.74141731211211,2.882234991583351,0.789120594891691,0.8305043646944714,0.21081828920008286,0.12070450799067806
Cp,0.12396562760955007,0.1402795135759561,0.06247979308115099,0.09618493372130618,0.14263685094958536,0.21350953191651162,0.9656482379566763,0.938894277400582,0.3187298191669869,0.09705552223018685
Cpa6,-0.0007163112060511522,0.00013444734449620326,0.020530229550598123,0.012609117361784675,0.04096227947738023,0.012773438222727395,0.9871483996120272,0.9875525379890074,0.10308953120501957,0.005628114796355874
Cplx3,-0.0064535100379060455,-0.007285713958094926,0.011073391529259619,0.0072744907856450046,0.02065009257682602,0.007544883271037238,0.9926446815389589,0.9928871645651471,0.1192066336901619,-0.006533214185519062
Cpne2,0.2224223137735451,0.21127246931908028,0.2492725509214355,0.1492887164565147,0.5903041911540813,0.24177689465762262,0.8752828968638862,0.8897510507597801,0.3055124961197712,0.10571699774678014
Cpne8,0.12794072332240855,0.09642589594403453,0.030229550598124797,0.04057549304881992,0.06310169318431146,0.05687286635060617,0.9818946007112835,0.9659715486582606,0.13229330205800638,0.05148343703232431
Cpne9,0.39822751223285635,0.19295100061979445,0.18032654380860005,0.09966052376333656,0.6954972098903178,0.2858162442773085,0.9252344002586486,0.9386517943743938,0.18492488419345665,0.11798388844839672
Crb1,0.014994279537864962,0.026585001965099365,0.006142903330100227,0.006223731005496282,0.010954828592540607,0.006184996177865664,0.9957969608794051,0.9937762689945037,0.144241626193122,0.017546815391469888
Creb3l1,0.049945480518061705,0.051335657371840725,0.055690268347882314,0.028451341739411575,0.11805927943002822,0.03443138762588859,0.9672647914645974,0.9745392822502424,0.2373609507629199,0.012553520161841062
Creb5,0.1833898709734123,0.2257111875173696,0.19123827998706758,0.17547688328483674,0.42964195195203675,0.28419331445107227,0.8984804397025542,0.8761720012932428,0.37139310102090606,0.08535592001518766
Crh,-0.0027796108832846417,-0.003358676477710659,0.003556417717426447,0.005092143549951503,0.005321978469158846,0.007976009938281035,0.997171031361138,0.9960394439055933,0.050572703375982506,0.008649237954588844
Crhbp,0.00562957185398315,0.0039271313418642465,0.011154219204655674,0.009456838021338506,0.022345677154037947,0.026502873419926763,0.9928871645651471,0.9925638538635629,0.08691598457710992,0.009179138013444207
Crhr1,0.45721959079152014,0.4140259212396999,0.6217264791464597,0.2998706757193663,3.6433624250246877,1.3098512603522348,0.8384254768832848,0.8735855156805691,0.23688891056929992,0.10658146433327555
Crhr2,0.006550350395195772,0.012905888733475354,0.02101519560297446,0.016165535079211122,0.04999483100090741,0.02382532274362091,0.9884416424183641,0.9860168121564824,0.14777539309009569,0.014493763029496077
Crispld1,0.045994613859678415,0.04512007995533693,0.02610733915292596,0.029421273844164243,0.05226053422677052,0.04148809055293615,0.9836728095699968,0.9751050759780149,0.15487413884990986,0.01873006434837527
Crybg1,0.008518441869521635,0.010417515431554898,0.010750080827675396,0.01066925315227934,0.019525560883439957,0.011525352294202497,0.9928063368897511,0.989815712900097,0.12915942133729927,0.010068339092501308
Crym,-0.00695786560768563,-0.00828727452163756,0.011720012932428064,0.009618493372130617,0.022575218083155345,0.011627497517680236,0.9924021985127708,0.9911089557064339,0.04918747572109815,0.009277088147832055
Ctsc,0.054535507687902864,0.07153208100902486,0.02925961849337213,0.04930488199159392,0.060572908026624586,0.08761105900294759,0.9822987390882638,0.9631425800193987,0.12473656327083507,0.03964393161839743
Ctss,0.5524463015587955,0.3502881442425945,0.3005172971225348,0.46807306821855804,2.3594145400338196,6.506012678788118,0.9219204655674103,0.9122211445198836,0.06477653595799114,0.015552857987814514
Ctxn3,0.20190216596763955,0.15583439501189836,0.07953443258971872,0.06062075654704171,0.17295005806108285,0.0950965432096377,0.9546556741028128,0.9525541545425154,0.31355147388796245,0.10482262949287664
Cubn,-0.0030293236522170247,-0.003284018416197843,0.0040413837698027805,0.00331393469123828,0.005641604494949067,0.003464607878892895,0.9966860653087617,0.9967668929841578,0.02545992851132296,0.004568039749964563
Cux2,0.28972571612978104,0.2475253266541984,0.7995473650177821,0.31256062075654706,2.394833290110257,0.5286395149962809,0.6909957969608794,0.7902521823472357,0.3295654060868985,0.06971240595248451
Cwh43,0.014903036775547171,0.02424946650952543,0.00662786938247656,0.006142903330100227,0.010786979850520281,0.006105168068778897,0.9951503394762367,0.9938570966698997,0.07561374352662045,0.004797594995943659
Cxcl14,0.303890265388789,0.24467480928676094,0.2598609763983188,0.24248302618816683,0.6063326027222281,0.5162100647778695,0.8686550274814097,0.8467507274490785,0.2680291934037379,0.06795644156447421
Cxcl5,-0.003413190669365556,-0.0036496168971120657,0.004445522146783058,0.0037989007436146135,0.006203968338338742,0.0039461244475476305,0.9964435822825736,0.9962819269317814,0.08182720297999124,-0.003527482855117824
Cyp19a1,0.017482208003614774,0.017587330262635568,0.008163595215001616,0.007678629162625283,0.013593232855099002,0.00778132316759802,0.994099579696088,0.9924021985127708,0.04974943131218346,0.000693360558405361
Cyp26b1,0.05080910845613603,0.06747496344321252,0.038878111865502746,0.024167474943420628,0.09216776820180189,0.044760259052041534,0.9791464597478177,0.9812479793081151,0.2777727647858229,0.03983833119917797
D130009I18Rik,0.01638560731167535,0.03069754442517774,0.006708697057872616,0.00937601034594245,0.011351695614629531,0.010581343582275403,0.9951503394762367,0.99118978338183,0.023536796459548023,0.010370977726841644
D130079A08Rik,-0.003190567008723472,-0.0034887931105637166,0.003718073068218558,0.004203039120594891,0.005320802508799057,0.0045086842843280895,0.9970093760103459,0.9959586162301972,0.03551087296403376,-0.004156716821616338
D430036J16Rik,0.019139058299090125,0.013750207100907972,0.006789524733268671,0.004122211445198836,0.011431432260136229,0.0042668741687934605,0.9950695118008406,0.9959586162301972,0.0572704495681617,-0.0035529730598727652
D7Ertd443e,0.22022929071655212,0.25808435672382923,0.18161978661493697,0.13756870352408665,0.423771446773055,0.21628338721322324,0.9063207242159715,0.8999353378596832,0.3383086156740269,0.08475422592682648
D930028M14Rik,0.04406800656509292,0.03365648448852086,0.009456838021338506,0.007032007759456838,0.018743416581919123,0.009245733537417804,0.9938570966698997,0.9938570966698997,0.04485433360278121,0.01909326595114491
Dach1,0.044613715181778237,0.062024344625280094,0.05391205948916909,0.08567733591981895,0.11162630587784708,0.11616408211482906,0.9677497575169738,0.9291141286776592,0.1313131398852388,0.028912883788163642
Dach2,0.011345452355631941,0.014267147030043557,0.014387326220497898,0.006223731005496282,0.027921035882052324,0.00650830687945045,0.9907856450048497,0.9939379243452958,0.08313600569549105,-0.005887186982306704
Dbh,0.21169445852821572,0.24464673849874236,0.10402521823472356,0.10556094406724863,1.191167114785961,2.278866586408031,0.9819754283866796,0.9813288069835111,0.5020134357796784,0.0795401560870216
Dbx2,0.1115839778215038,0.12156258457822199,0.0808276753960556,0.07363401228580665,0.17064115135822375,0.09892656117104376,0.9528774652440996,0.938975105075978,0.18100253665628707,0.030450518703698866
Dcdc2a,0.02223743308175556,0.019818307136115945,0.026188166828322017,0.02319754283866796,0.05411534383669767,0.03219708254163117,0.9842386032977691,0.9805205302295505,0.3034119499134217,0.029232919349405515
Dchs2,0.1587784903190278,0.10413405276799818,0.025864856126737796,0.015195602974458454,0.057850246204287414,0.01900608039451586,0.9853701907533139,0.9866634335596508,0.09415442640152624,0.03331027996775665
Dcn,0.17243333905695282,0.19027246527597078,0.08672809569996767,0.10006466214031684,0.26381674372081587,0.5527093394980449,0.9631425800193987,0.9580504364694471,0.3778226195715762,0.08933525229702449
Ddc,0.29477966547088663,0.20232100839043532,0.13409311348205627,0.23884578079534433,0.42713704532276664,1.1860015129122596,0.9385709666989978,0.8852247009376011,0.4033420498702001,0.16395263536497973
Ddit4l,0.021949331138557494,0.023926669896379336,0.022874232137083738,0.025622373100549628,0.04627599355845501,0.03385691139079714,0.9857743291302942,0.9780148722922729,0.1758638171281769,0.00933864366039887
Ddo,0.09464982724656795,0.09464926544673581,0.14807630132557387,0.06886517943743937,0.318357922403132,0.07996499087613236,0.9170708050436469,0.9383284836728095,0.2879545648937823,0.028100273595846745
Ddr2,0.07603816507542013,0.09262976901208167,0.050517297122534756,0.0540737148399612,0.10955598846576269,0.08768385748238794,0.970821209182024,0.9577271257678629,0.26641682179607,0.05471919541338027
Dgkk,0.03955016652878606,0.03614323840259161,0.012043323634012285,0.016084707403815065,0.02289084584372229,0.020513994764525614,0.9921597154865827,0.9859359844810863,0.09333301748747912,0.037125654550856285
Diaph3,-0.004404050321410239,-0.004790983264767149,0.006223731005496282,0.004930488199159392,0.009579758544501842,0.005067833836067793,0.9953119948270288,0.9951503394762367,0.09033984183283521,-0.0048886081443164945
Dio3,-0.004021523491554125,-0.0044290532075681325,0.00533462657613967,0.005011315874555448,0.00886258605285926,0.004986202587762048,0.9961202715809894,0.9949886841254445,0.021036235665995967,0.005702593398144929
Dkk2,0.05956706354177168,0.05617063707794613,0.011720012932428064,0.012447462010992564,0.02306018413553168,0.01843542603057193,0.9924830261881669,0.989734885224701,0.2763115535358824,0.03205846956812072
Dkkl1,0.043351772379204935,0.023643764521161244,0.016327190430003233,0.013336566440349175,0.031094560906331985,0.014290289891480188,0.9894115745231167,0.9872292272874232,0.07299015953671303,0.011749078685151586
Dlk1,0.23635144765797464,0.11664569386283499,0.09408341416100872,0.09675072744907856,0.4963212824051556,0.8483017603650933,0.9713870029097963,0.9696087940510831,0.12041302457609228,0.04920911103927431
Dlx1as,-0.005631133787883868,-0.0062929716418338635,0.008567733591981895,0.00662786938247656,0.0154455076171395,0.0065839407299251316,0.994099579696088,0.9933721306175234,0.06520871718606058,-0.0064144290751292615
Dlx2,0.0073878479476318275,0.0032625789338532186,0.011558357581635953,0.01624636275460718,0.020639116946801327,0.01630572915344059,0.9921597154865827,0.9839152925961849,0.051685814719443536,0.006152190488322401
Dlx6,0.0023066372164690413,0.0071654639006414325,0.007516973811833172,0.007516973811833172,0.012471784791100832,0.008915367073673432,0.9945845457484642,0.9931296475913353,0.028921258180282836,0.01022648414274013
Dlx6os1,0.012143651460586595,0.004118530909807172,0.009860976398318785,0.018105399288716458,0.01736153903001981,0.019879113365614137,0.9931296475913353,0.9828645328160363,0.05655746999275389,0.008558935164616997
Dmbx1,0.001932030621050317,0.013971877175941989,0.006547041707080504,0.006708697057872616,0.01280873663285859,0.028487162798610074,0.995635305528613,0.9955544778532169,0.05050502732093218,0.009788490897783168
Dmrt2,0.008020635414676545,0.011706152906082064,0.010426770126091174,0.017054639508567733,0.01872413083201861,0.017572055533761767,0.9929679922405431,0.9833494988684125,0.056846828458129654,-0.0003878388508816813
Dnah11,0.11511572211740895,0.12700928491180313,0.06838021338506305,0.03588748787584869,0.14679521010962146,0.04413724178653265,0.9603944390559328,0.9683963789201423,0.2999798570607959,0.05586826857837992
Dnah9,0.03642618997395927,0.03429387271007477,0.02303588748787585,0.018913676042677012,0.045945261240377906,0.019849191707567805,0.9856935014548982,0.9815712900096993,0.14367498853560043,0.00650013626292108
Doc2b,0.0972967290938655,0.09457203848752793,0.09537665696734562,0.0526188166828322,0.2068748419639939,0.06908706355800191,0.9459262851600388,0.9554639508567734,0.1971155603299406,0.046232699729648476
Dock5,0.2025152310511825,0.240615703667495,0.29776915615906885,0.1850145489815713,0.7233283566690906,0.3147026913499176,0.857500808276754,0.873504688005173,0.377283645830232,0.10914285894597946
Dpf3,0.24679697280316043,0.2764780581985617,0.4812479793081151,0.32662463627546073,1.114181177756182,0.5560224575500572,0.774814096346589,0.7854833494988684,0.4365295580222099,0.12503038626752527
Drd1,0.08188864392025882,0.05490646749395375,0.009860976398318785,0.010911736178467508,0.018654781836356698,0.014510743260262362,0.9935337859683155,0.9905431619786615,0.11578576881856761,0.014932869060335264
Drd2,0.17858214983774193,0.1779494030916095,0.07969608794051083,0.0540737148399612,0.21398477669662594,0.12454127746305522,0.9617685095376657,0.9659715486582606,0.1899793579645856,0.05533800592483928
Drd3,0.03277887199148556,0.018354339129404585,0.012609117361784675,0.01010345942450695,0.023927657427381312,0.01048634558454139,0.9918364047849983,0.9901390236016813,0.07404410078303046,0.005642302974195569
Drd5,0.013113237682521445,0.012580463485937788,0.008163595215001616,0.013013255738764953,0.015209786363020115,0.01801688213918009,0.9945037180730683,0.9885224700937602,0.06449309818377874,0.017412562790580125
Dscaml1,0.251986626334214,0.27692926606683266,0.8006789524733269,0.24094730035564177,2.1500545018428086,0.37041190572586824,0.6886517943743938,0.8294536049143226,0.24815145844494962,0.04187890150550205
Dsg2,0.010548529160506834,0.019864814863190156,0.008325250565793727,0.006708697057872616,0.014398844098910703,0.006987001143243007,0.994099579696088,0.9934529582929195,0.04920086201667968,0.006951385804561907
Ebf1,0.4323710774260631,0.27481987710848166,0.3158745554477853,0.1638376980278047,1.0605853732064383,0.4459182820965199,0.8697057872615583,0.9030067895247332,0.44141703908681773,0.17252191908277137
Ebf2,0.40688204426462005,0.294303867062458,0.05318461041060459,0.0316844487552538,0.16529296203926788,0.08063204785709663,0.9773682508891044,0.9792272874232137,0.4018342347807376,0.10576406394528054
Ebf3,0.5628030767776362,0.4575410223830624,0.18194309731652117,0.2255900420303912,0.8007958363999768,1.4108776424746385,0.9394600711283544,0.9251535725832525,0.4057572308923864,0.294530731900246
Ecel1,0.45135095879077247,0.3358599036070283,0.2888781118655028,0.22445845457484642,3.321981056271637,2.6726219585874555,0.9472195279663757,0.9497251859036534,0.5739882274699232,0.2347113581970328
Ecm2,0.0172324358410795,0.01537733130975455,0.02594568380213385,0.04809246686065309,0.05323888098120877,0.0760091320900194,0.9842386032977691,0.9615260265114776,0.12079310027890787,0.08411244956033591
Edaradd,-0.00786029225983825,-0.00975083190705943,0.015114775299062399,0.011073391529259619,0.029920266490387593,0.01515381064989184,0.9905431619786615,0.9901390236016813,0.13447568631463946,-0.0011472825706600903
Ednra,0.05277235283523093,0.024850999072465782,0.05488199159392176,0.06239896540575493,0.12606976460618552,0.11799450361360045,0.9697704494018752,0.9554639508567734,0.2916460050380735,0.049439624726391074
Ednrb,0.1381144085382074,0.1366353932327971,0.14508567733591982,0.10952150016165535,0.319962108727936,0.15653074420303767,0.9201422567086971,0.9131102489492402,0.3330435792758238,0.021757198594843916
Efna5,0.18167381565158364,0.12823169770949872,0.06062075654704171,0.06458131264144844,0.1332472059965825,0.10163268115092809,0.9655674102812803,0.9497251859036534,0.33912524953823076,0.09927972233599247
Egfem1,0.10634801086640519,0.09948162735606743,0.03863562883931458,0.01826705463950857,0.08272972594688068,0.021328131720938472,0.9773682508891044,0.9832686711930165,0.11918247238305271,0.013879308056276372
Egflam,0.1155351090286971,0.13134260258557642,0.07088587132234077,0.05358874878758487,0.1723919407412146,0.0909691771382544,0.9630617523440026,0.9599903006789525,0.18841254136939226,0.012355214684400925
Egfr,0.1309605392326215,0.1188732256161081,0.07856450048496605,0.04510184287099903,0.1669604999618989,0.05422188584530943,0.9544131910766246,0.9601519560297446,0.14970762293376003,0.01262418146144347
Egln3,0.0549829648623745,0.06027155399750601,0.02796637568703524,0.03612997090203686,0.054665667152625746,0.04436226180138424,0.982460394439056,0.9682347235693501,0.16487158134666005,0.011079291543864474
Egr2,0.01071453490725035,0.016747697981866067,0.004122211445198836,0.004849660523763337,0.005721772325921019,0.005634418070527947,0.9966052376333656,0.9954736501778209,0.1148661069568417,0.0007583136218175801
Egr3,0.0158207193708946,0.0339489368193927,0.016084707403815065,0.011154219204655674,0.03506297633580996,0.01701105057790273,0.9905431619786615,0.9907048173294536,0.10340863787087756,0.01885460592512746
Elfn1,0.26232476438304664,0.22581862154785104,0.16359521500161656,0.11412867765923052,0.5230264536725451,0.3172365266039992,0.9304073714839961,0.9334788231490463,0.1860860855709752,0.12446120378977026
Emp2,0.08176643603262668,0.06753692751182017,0.11614936954413191,0.07888781118655028,0.25073499482420647,0.10952194441332323,0.9344487552537989,0.9352570320077594,0.26299710683686783,0.026685790039304397
Emx2,0.007822532997210961,0.006649717633272272,0.023844164241836406,0.07783705140640156,0.04639233523671664,0.08390259614415821,0.9848852247009376,0.9279825412221144,0.08806349958301952,0.0012499740124069095
Emx2os,-0.0022935395870983337,-0.0024790623936472573,0.0025864856126737797,0.002909796314258002,0.0037113831603939893,0.0029013293996678477,0.9978984804397025,0.997090203685742,0.09275792952267203,-0.003012862083874273
En1,0.03684494258003056,0.05278759176933854,0.023844164241836406,0.02335919818946007,0.04784723339384564,0.02944141543187328,0.9852085354025218,0.9793889427740058,0.15803217262940425,0.0354461301857102
En2,0.19730235999443754,0.24283919014741248,0.3620271580989331,0.29033301002263173,0.8502651437823212,0.5094668467505181,0.8252505657937278,0.8101357904946653,0.5063194036780716,0.15000924312933048
Endou,0.0010967329263046066,0.0052914001794822614,0.009295182670546395,0.007355318461041061,0.017291549789273126,0.007462873102168756,0.9937762689945037,0.992725509214355,0.1389714323136592,-6.87200990969651e-05
Eomes,0.15241520654206894,0.14009252388082463,0.03572583252505658,0.03128031037827352,0.07858140818169454,0.05697498544161936,0.9794697704494019,0.9765599741351438,0.11292486228721636,0.036705727755736606
Epb41l4a,0.01874952969322239,0.021620509700478425,0.040737148399612025,0.027481409634658907,0.08304788855533426,0.033030740440049666,0.975185903653411,0.975347559004203,0.22586800966654919,0.028115689088530915
Epha1,-0.00017389707258085566,0.0042499521700613335,0.010830908503071451,0.007678629162625283,0.021059542374764664,0.008589599921559509,0.9930488199159392,0.992725509214355,0.24293792146114185,0.0041862548762973545
Epha10,0.412980913239459,0.2691269266691863,0.3506304558680892,0.5930326543808601,1.1775755805402706,1.4521435026519038,0.857500808276754,0.667151632719043,0.15602437864846644,0.0758431556352905
Epha3,0.07417197239638917,0.06920085997722746,0.056417717426446815,0.03831231813773036,0.11547206864179924,0.0437956645007115,0.9659715486582606,0.9649207888781118,0.20953574520658708,0.009819883036747835
Epha4,0.09805719611168646,0.09294705580203047,0.16650501131587456,0.1363562883931458,0.36736175854262026,0.22283922902377046,0.9089072098286454,0.8968638861946331,0.17301721487931232,0.06584051113878793
Epha6,0.32134857748082113,0.3324613833499111,0.1143711606854187,0.11323957322987391,0.3031979314282357,0.2801771223653034,0.9457646298092467,0.934610410604591,0.14462007860145348,0.07531483863660318
Epha7,0.5374091673243219,0.32708345072082606,0.16448431943097316,0.17297122534755902,0.45362709424167236,0.5391077899900947,0.9223246039443905,0.9018752020691885,0.3689443901818323,0.18208749922843884
Epha8,0.4131478859626123,0.41003712883561966,0.4437439379243453,0.13288069835111543,1.5966574345938687,0.24050631522067598,0.8404461687681862,0.9106045910119624,0.43253979691357425,0.13858186327207328
Ephb1,0.18686142454032328,0.21041116598030257,0.4010669253152279,0.46823472356935014,0.965074839685244,1.1519977567380684,0.8126414484319431,0.7523440025864856,0.42230582920519744,0.08519110167164799
Epsti1,0.010092057646573881,0.01184615989015996,0.014548981571290009,0.008163595215001616,0.027593047471481395,0.014886475661445669,0.9905431619786615,0.9929679922405431,0.09343143048720957,0.003109851478751007
Erbb4,0.021746882695882278,0.021043152887853352,0.10143873262204979,0.08511154219204656,0.21610850230838405,0.1137550554535882,0.9415615906886518,0.928629162625283,0.14380896606732715,0.02686830834348922
Ermn,0.4540880417766415,0.4997585651942794,0.3985612673779502,0.9582120918202393,1.1645404454057005,5.437552186507413,0.8378596831555124,0.7370675719366311,0.6873139942511028,0.2790931281631973
Esr1,0.03907349448652159,0.03264056913763477,0.01745877788554801,0.017377950210151955,0.03639095570455235,0.023865481789919693,0.9894115745231167,0.9848852247009376,0.06775229469791069,0.030696753693685
Esr2,-0.0060956381560924484,-0.006698083094967355,0.008971871968962172,0.007112835434852894,0.015519246864811287,0.007062243006930695,0.9937762689945037,0.9928871645651471,0.05855376293159923,0.006202327738470955
Esrrb,0.020442083065412234,0.02013071119999019,0.014953119948270288,0.01196249595861623,0.027661952215451823,0.012950982104602306,0.9901390236016813,0.9886032977691561,0.09861281519275841,0.0019128715268670914
Esrrg,0.24832950700555748,0.23258719481834267,0.08535402521823472,0.1349013902360168,0.18476124712007302,0.2608995780549396,0.9515033947623667,0.9096346589072098,0.3055841262405182,0.1580779378200091
Esyt3,0.18199982261196546,0.1165924907530525,0.02780472033624313,0.012366634335596509,0.06712214485971002,0.016416739811395586,0.9851277077271258,0.9890882638215325,0.29076063822608134,0.1479315725444805
Ethe1,0.01492451406872971,0.012760842095543897,0.06199482702877465,0.04308115098609764,0.12313691946887567,0.04639813664114644,0.9620109925638539,0.959343679275784,0.12583619069123822,0.0116919025334909
Ets1,0.22691338432689098,0.2906509692452757,0.22858066602004526,0.1533301002263175,0.5900075878188904,0.3239680568921983,0.8937116068541868,0.9034917555771096,0.08845164051075918,0.023419738710614434
Etv1,0.13464967432756358,0.12899894253728333,0.19439055932751373,0.38279987067571936,0.42236426647408093,0.7352941975815912,0.8936307791787909,0.7621241513094084,0.5437610237887675,0.11610997078624935
Evx1os,0.07954425784643965,0.043665639655422084,0.008891044293566117,0.008163595215001616,0.01737972721691786,0.010198470488462693,0.9941804073714839,0.992725509214355,0.05259639562969292,3.747494463662202e-05
Evx2,0.0017322781930768812,-0.00016982914658263373,0.01066925315227934,0.012447462010992564,0.020416396587770707,0.013585765506815145,0.9930488199159392,0.9881183317167799,0.06431676279268522,0.013816783712688812
Eya1,0.13736919078802276,0.0959346136875143,0.07751374070481733,0.04599094730035564,0.20923571958164242,0.09285735135676776,0.9624151309408342,0.9666989977368251,0.3204904535362582,0.0715654147136446
Eya2,0.06291469324321344,0.057468217662518126,0.04744584545748464,0.026026511477529907,0.1138982612929564,0.03876652629359626,0.9748625929518268,0.9780956999676689,0.22419328826616122,0.014098542846485873
Eya4,0.03633323222979848,0.03471740859124055,0.014548981571290009,0.016488845780795344,0.027431392120689284,0.018156827955114804,0.9904623343032655,0.9844002586485613,0.047021261191236854,0.006065054691996665
Fam107a,0.44253405134409496,0.3293343604246017,1.438975105075978,0.8118331716779825,7.196647769506333,3.119135760075818,0.6072583252505658,0.6580989330746848,0.5512641443205345,0.23205204265453916
Fam122b,0.010342912822961958,0.011426530776877261,0.03330100226317491,0.035240866472680245,0.0663013245285784,0.0386869529758984,0.9792272874232137,0.9671031361138054,0.14761512304341146,0.0026167159095158675
Fam163a,0.16182377204053655,0.13058189573071066,0.021661817006142902,0.038150662786938246,0.04835068162320997,0.08292862004244181,0.9876333656644035,0.9742159715486582,0.06270015681055555,0.05806229876972225
Fam20a,0.2110314947991012,0.2025427055479742,0.1476721629485936,0.09780148722922728,0.3408667117921855,0.15613160365771442,0.9220012932428063,0.9262851600387972,0.17457309967081217,0.02808074425868642
Fam43a,0.10493189185674887,0.11619978686207076,0.24078564500484967,0.11000646621403168,0.5529986714783829,0.16596194628854846,0.8767377950210152,0.914322664080181,0.23820391908101124,0.026251172998781696
Fat1,0.10766742532263372,0.09519942931539227,0.5734723569350145,0.2540413837698028,1.2035413536652175,0.34598673866886953,0.7199321047526673,0.805205302295506,0.3921389281545605,0.025602825993172495
Fat2,0.34591826056879665,0.38364085863390035,0.5020206918849014,0.1434691238279987,2.2406199064583636,0.24655207769199483,0.8472356935014549,0.8995311994827029,0.697437653441923,0.16985095061892502
Fat4,0.15933370772232566,0.13746325696409345,0.12196896217264791,0.0684610410604591,0.26583808891702826,0.09465029891869212,0.931700614290333,0.9422890397672163,0.2269986944246824,0.05192218673867653
Fbln1,0.21451159566969352,0.192944045789475,0.1405593275137407,0.09004203039120595,0.3650636380095057,0.171168216791464,0.9321855803427094,0.9369544131910766,0.3246650933019006,0.07903072889034521
Fbln2,0.14723294833003897,0.14056606821053658,0.11946330423537019,0.07662463627546072,0.41589340739897535,0.3003038995159814,0.954978984804397,0.9639508567733592,0.3646719960790218,0.10336242760803353
Fbln5,-0.0008254528528266023,-0.001870920098085573,0.01713546718396379,0.010426770126091174,0.03607882969261234,0.011772950747957632,0.989734885224701,0.9903006789524733,0.21846354834389947,0.0018978459448515644
Fbn1,0.024493565872046815,0.04293453236118392,0.051244746201099256,0.019398642095053348,0.10810789127938113,0.021770475743382943,0.9698512770772713,0.9818946007112835,0.1727363176622734,0.01784818301200069
Fbn2,0.04980832394351901,0.06474976010021373,0.05552861299709021,0.03516003879728419,0.13003975451592298,0.052352520459378764,0.9700129324280634,0.9718719689621726,0.12831248776985624,0.017404698199052084
Fbxw13,0.018602001653068537,0.014290808594916644,0.012366634335596509,0.006951180084060782,0.023044609193877606,0.007064516530291836,0.9918364047849983,0.9931296475913353,0.05023353192404336,-0.0028933237156378933
Fezf1,-0.003404946748696548,-0.0037310618618741714,0.004849660523763337,0.0037989007436146135,0.007735937630825588,0.003784469096755532,0.9963627546071775,0.9962010992563853,0.08533990027969932,-7.797102700246518e-05
Fezf2,-0.004352982095658291,-0.004711670899667048,0.005253798900743615,0.00533462657613967,0.00781268211052794,0.005306168335432198,0.9958777885548011,0.9946653734238603,0.019154432086064314,-0.0004887982703686352
Fgd5,0.3092180473847105,0.3983355367189865,0.3257355318461041,0.2212253475590042,1.105179906778225,0.5977615764414338,0.8787584869059166,0.8839314581312642,0.10815502532466774,0.04565172336468877
Fgf1,0.27784397038382397,0.2702041472926401,0.6429841577756223,0.6909957969608794,1.660043729784588,2.1045648991094517,0.728176527643065,0.6690914969285483,0.5546450684436267,0.19725486100648254
Fgf10,0.02645140639975415,0.02620843548083687,0.011881668283220174,0.016327190430003233,0.02143981528955437,0.018970409596918387,0.9919980601357905,0.9849660523763336,0.05226931650065153,0.022082731234623842
Fgf11,0.23148814604708473,0.24133422365252982,0.2582444228903977,0.36954413191076624,0.5937527537071758,0.9205014733997261,0.8680892337536372,0.7976075008082768,0.3249679009698835,0.11465709422699887
Fgf13,0.1899765547423396,0.18256866889982112,0.11566440349175558,0.15850307145166506,0.2586068734726235,0.3181519137474742,0.9363886194633042,0.8946815389589395,0.2546292229699807,0.1249517600143506
Fgf18,0.09369709784334136,0.10939097956794584,0.030310378273520854,0.02222761073391529,0.06172272940085917,0.027391481332688844,0.9814096346589072,0.9801972195279663,0.09366076839007378,0.015230743484039895
Fgf3,0.03153334396263744,0.033406446141745046,0.007516973811833172,0.003556417717426447,0.012633440141892945,0.003705424961238178,0.9946653734238603,0.9965244099579696,0.05728569544745956,-0.0035426980925390475
Fibcd1,0.35096061170352455,0.27350823592262485,0.04526349822179114,0.027885548011639186,0.1770653444063851,0.10405589120068336,0.9833494988684125,0.9856126737795021,0.5744664354868706,0.23304260271555288
Fibin,0.08403139397689877,0.07743992227307138,0.06595538312318137,0.05512447462010993,0.1432412227102719,0.07536413743200311,0.962172647914646,0.9544131910766246,0.34860902981276237,0.04785797431212859
Fign,0.030497100197190156,0.037943145051347084,0.05593275137407048,0.059246686065308765,0.11552655480513604,0.0744885369474667,0.9664565147106369,0.9485935984481086,0.1546712727628095,0.052365507303558635
Filip1,0.07445672636066868,0.08021742056078417,0.06522793404461688,0.057145166505011315,0.13808285299272502,0.07683465626258333,0.9618493372130618,0.9519883608147429,0.30825070473879634,0.039306797333481046
Fli1,0.18429967345943193,0.23886244514312147,0.1354671839637892,0.16302942127384418,0.32371136434502823,0.3790955106120259,0.9304881991593922,0.9054316197866149,0.10706603326684719,0.049373881899122896
Fmo1,0.05494426447916149,0.07829800489738538,0.04081797607500808,0.048334949886841255,0.08910337229891054,0.09821336081211698,0.9763983187843518,0.963708373747171,0.1838273174633882,0.0880080201346872
Fn1,0.28236784864190634,0.4780272381104731,1.010184287099903,0.4729227287423214,10.791684188476028,3.3629105329899334,0.8364047849983834,0.8632395732298739,0.2705697489815774,0.13575894124323343
Fndc1,0.022630966452841066,0.018956890928805384,0.02707727125767863,0.010911736178467508,0.057705230692586304,0.011924257647583914,0.983996120271581,0.9896540575493049,0.13674528674461048,0.008973796339369636
Folh1,0.13426488539109857,0.14226785531970423,0.09982217911412868,0.1842870999030068,0.20689618564452394,0.30664608892826556,0.9413999353378597,0.8693016488845781,0.3460731913934837,0.08905911063139425
Fosb,-0.0053883532904090954,-0.00651742978891551,0.008082767539605561,0.008567733591981895,0.014483650440190706,0.01140412384733605,0.9944228903976722,0.9924830261881669,0.08122413876058777,0.018430465837297027
Fosl2,0.034909120488380435,0.04415991261259337,0.040333010022631746,0.029744584545748465,0.08251485838980817,0.034841092215258565,0.9755092143549952,0.9727610733915293,0.07421028291517888,0.012875929745606857
Foxa1,-0.0018058604191334969,-0.001892265185157631,0.0024248302618816685,0.0016973811833171678,0.0030655718632511754,0.0016945000804349873,0.9978984804397025,0.9983026188166828,0.05077189303463225,-0.0017272555528578982
Foxa2,0.01585453550830707,0.009559940077755817,0.004849660523763337,0.008001939864209506,0.007412626929241366,0.008099564173409875,0.9962819269317814,0.9920788878111866,0.08777357080406868,0.007302961595325928
Foxb1,0.06676368510947756,0.0805758352811383,0.01956029744584546,0.02449078564500485,0.03954626640948152,0.03132713319992755,0.9878758486905916,0.9785806660200452,0.07555409223499045,0.018442666112763118
Foxd2,0.0073648495333748535,0.013257941844512048,0.004849660523763337,0.005981247979308115,0.0078975929816177,0.0062687833535026724,0.9964435822825736,0.9941804073714839,0.10287743122422821,0.00040574997741944254
Foxo1,0.022733066375966532,0.020716070998782667,0.11865502748140963,0.13700290979631427,0.23907326379383206,0.16511316423335776,0.9294374393792435,0.8834464920788878,0.19913277411721345,0.015041837672406263
Fras1,0.1608906267895862,0.1612276881616263,0.037423213708373745,0.017216294859359844,0.09842168218986606,0.027750802553741932,0.9814904623343033,0.9865017782088588,0.07194128759784416,0.04449121468837124
Frem1,0.11768714862095842,0.12566374374862674,0.03289686388619463,0.014468153895893954,0.06834876951166498,0.017330278083795808,0.9801972195279663,0.9867442612350469,0.2675802611617633,0.005608598288344966
Frem2,0.031892030194489156,0.04390715005933388,0.02667313288069835,0.02133850630455868,0.05295812044530954,0.02363131541670856,0.9831878435176205,0.9798739088263821,0.2411824515538525,0.012568423846334118
Frem3,0.022527814962880185,0.018134119417415367,0.005172971225347559,0.003960556094406725,0.008864284662267843,0.004429836142202964,0.9962819269317814,0.9962819269317814,0.09141642541695551,0.008960380537197462
Frmd7,0.033120457712553376,0.03425880600937706,0.007597801487229227,0.007436146136437116,0.014006288931474334,0.007865815919453966,0.9949078564500485,0.9928063368897511,0.028601720609043757,0.003424164501644862
Frzb,0.08362358146593607,0.07678697616629342,0.023278370514064017,0.022712576786291627,0.04876299945780387,0.04499012010370989,0.9860976398318785,0.9816521176850954,0.11684013989328146,0.021790950135347712
Fst,0.0003247482154560263,-0.0017187968705845568,0.015438086000646622,0.01010345942450695,0.030072043774157484,0.010163034882957162,0.9902198512770772,0.9899773682508891,0.09109753113480397,-0.0009263193622615515
Fstl5,0.2052886090589048,0.18762741845796901,0.09731652117685095,0.08325250565793728,0.22703127291489422,0.1506829873240373,0.9477853216941481,0.9396217264791464,0.2795005299055275,0.07073957813954306
Fyb,0.40152143684991093,0.41964983445310317,0.0540737148399612,0.05803427093436793,0.1458797837675449,0.14567825682748003,0.9741351438732622,0.9676689298415777,0.0190710936589961,0.006482320769404946
Fzd2,0.07197541558003707,0.09631554491013286,0.04194956353055286,0.04865826058842548,0.09208116525441669,0.08492626310425302,0.9759941804073715,0.9634658907209829,0.2693464223818337,0.07434422135988225
Fzd5,0.02148722022134336,0.030738813764780815,0.056013579049466536,0.03499838344649208,0.11301184850620108,0.03943143388035048,0.9659715486582606,0.9674264468153896,0.2566807807581245,0.004813391108053627
Gabbr2,0.22191529738267485,0.22421611204091993,0.5459909473003557,0.33389912706110575,1.3762391812953523,0.6853914246776852,0.758729388942774,0.7917070805043647,0.3996686255558666,0.07568377380973093
Gabra6,0.33955355294703454,0.4135150402377474,0.24086647268024572,0.22365017782088586,0.6175410532988094,0.5519042966351968,0.8874070481732945,0.8811024894924022,0.639319839982091,0.251287389495113
Gabre,0.01010014686725935,0.013504642411425148,0.017377950210151955,0.0165696734561914,0.03372645818823289,0.02243802270785294,0.9890074361461364,0.9857743291302942,0.1373890282409316,0.00575531412999549
Gabrq,0.24494390577796707,0.2643468034876403,0.03402845134173941,0.03499838344649208,0.08977319931984544,0.10360860814478082,0.9831070158422244,0.9805205302295505,0.42480528894765496,0.11848139389248417
Gad2,0.2932449818213068,0.32363909268552576,0.19309731652117684,0.26034594245069514,0.5546144932776357,0.9809590785133432,0.9100387972841901,0.8768994503718073,0.2956706436612046,0.10687018200686582
Gal,0.35699874964294703,0.39491145563878105,0.09586162301972195,0.11978661493695442,0.538013911663321,1.642456857151693,0.9707403815066279,0.9735693501454898,0.6564755489867063,0.25693576687631486
Galnt14,0.38807440130643395,0.25075322217042467,0.12827352085354024,0.07525056579372777,0.4522655934695628,0.18096845483717636,0.9486744261235047,0.9540898803750404,0.24542118954489528,0.0845513004418727
Galnt18,0.33648077146809735,0.2855553919130284,0.40785645004849663,0.19269317814419656,1.501774680977634,0.44670380401741705,0.8470740381506627,0.8869220821209182,0.34024107063078324,0.11699487663212448
Galr1,0.09662075451706258,0.07352496336122662,0.03871645651471064,0.030472033624312965,0.10365784168521289,0.0778784386779406,0.9807630132557388,0.9784998383446492,0.10349688284093804,0.037889474142362135
Gas2l3,0.0033305116062841483,0.007521566143821395,0.007597801487229227,0.00662786938247656,0.01271304612513744,0.006583940729924131,0.9945845457484642,0.9933721306175234,0.049653980424182086,0.0012681339181171397
Gata2,0.13934636525742403,0.1389208283657299,0.12318137730358875,0.07573553184610411,0.29213317014139434,0.10895860060302125,0.9359036534109278,0.9388134497251859,0.21707255480887563,0.019248697532781443
Gata3,0.007269443257356345,0.003985749769424083,0.007840284513417395,0.00978014872292273,0.013436751729889954,0.010169463466254813,0.9945037180730683,0.9904623343032655,0.06261311525093308,-0.0012892390245515066
Gbx2,0.036559697127096696,0.06881312422013022,0.01624636275460718,0.013579049466537343,0.03505774984532201,0.020992460369358878,0.9903815066278694,0.9890074361461364,0.11446596012832043,0.02159502558163581
Gck,0.15873962375859013,0.16585617727013158,0.019075331393469123,0.014064015518913677,0.04409135320005992,0.018230913457786265,0.9892499191723246,0.9876333656644035,0.36431466007879804,0.10300730324604696
Gcnt4,0.08140399767497021,0.0503127938544478,0.024167474943420628,0.01697381183317168,0.04847833212026489,0.02072708531483012,0.9849660523763336,0.9848043970255416,0.08938582356426747,0.01880622324765536
Gda,0.3950977440361972,0.34618476941546217,0.14500484966052377,0.43452958292919497,0.37987886353936473,1.5937575947445457,0.9308115098609764,0.8043970255415455,0.20628452346476417,0.14964421173728118
Gdf6,-0.01703923285372489,-0.013480791004528266,0.05294212738441642,0.045425153572583254,0.10720359736204392,0.052091097938271824,0.9677497575169738,0.957807953443259,0.3620982277880147,0.0020825505217597694
Gem,0.06085495186516407,0.04677288980703349,0.011558357581635953,0.008567733591981895,0.021447393700761885,0.011404123847336061,0.9923213708373747,0.9926446815389589,0.11855746360532686,-0.0037200454326388674
Gfap,0.4708125238667666,0.5023176624371156,2.133527319754284,1.5543970255415454,24.256176274471866,19.716003136262422,0.6614936954413191,0.6705463950856774,0.6882200596391279,0.3528498240666739
Gfra1,0.41077050208175325,0.23496446181052874,0.26034594245069514,0.24838344649207889,1.1211142676500414,1.2395504097097587,0.9044616876818623,0.8900743614613643,0.22788957019735354,0.14594928753198566
Gja1,0.5487388963615999,0.441360616221967,1.3354348528936308,1.303831231813773,11.082278157168725,11.382872486230049,0.7002909796314258,0.7027158098933075,0.3439089101410657,0.09373653787617525
Gldn,0.09077785188010748,0.06364397882808802,0.008406078241189783,0.006142903330100227,0.014801630121477224,0.006913444822741089,0.994099579696088,0.9941804073714839,0.0460245382597903,0.000315625543367883
Gli2,0.1748558706026973,0.162266667541318,0.0906886517943744,0.05544778532169415,0.20128090306229487,0.07726825244655709,0.9494827028774653,0.9545748464274167,0.12508525012225497,0.024835691913524097
Gli3,0.1110667551028521,0.11298188076461724,0.061186550274814094,0.040737148399612025,0.12986435349514758,0.05039350769530381,0.9641933397995474,0.9640316844487552,0.09748853670602954,0.011400713964205113
Glis3,0.02967003155808957,0.024009292950181713,0.02982541222114452,0.02061105722599418,0.060620305762237134,0.02196445040473076,0.9817329453604914,0.9801972195279663,0.3462208631574268,0.018273840808165544
Glp2r,0.004903036172122762,-0.0008850227118957806,0.013659877141933398,0.010830908503071451,0.025759091558601142,0.014431672992292836,0.99118978338183,0.989815712900097,0.15115957125101326,0.014375407800671048
Glra1,0.608551140585795,0.5163796400020613,1.204978984804397,1.213385063045587,16.16183101313741,18.835650132037905,0.7908988037504041,0.7876656967345619,0.23324541465391344,0.1901524839997455
Glra2,0.02971222602201697,0.044879306807536525,0.008325250565793727,0.017620433236340122,0.015045465502079148,0.02539272110851983,0.9943420627222761,0.985531846104106,0.03108144391299863,0.01697706991816819
Glra3,0.1929944831591037,0.17585093414251274,0.02651147752990624,0.017943743937924344,0.05458327153008331,0.023279703269128437,0.9839152925961849,0.9843194309731652,0.13859726900803526,0.06316629903409698
Glt8d2,0.04000898751823343,0.041368873568654735,0.014064015518913677,0.013498221791141287,0.026313680997389996,0.014447607255161499,0.9907856450048497,0.9870675719366311,0.09083580370137614,0.026512779212483836
Gm30564,0.013295434824077343,0.008371000503987466,0.00662786938247656,0.006951180084060782,0.010948635201312392,0.006902861179499725,0.9952311671516327,0.9930488199159392,0.037528015332963606,-0.0010502279647734859
Gna14,0.03276854478223966,0.00017091441999786218,0.01196249595861623,0.011477529906239896,0.022003681748959326,0.01474055858012204,0.9920788878111866,0.989815712900097,0.10459545418915371,0.027954518727862466
Gnb3,0.0073851182159173625,0.01822493838038078,0.02521823472356935,0.021823472356935016,0.05028547613694198,0.024257004725469336,0.9844002586485613,0.9793081150986097,0.08033087108041605,0.007927697032966117
Gng8,0.0930838996180398,0.09138591019256256,0.05172971225347559,0.04566763659877142,0.10838126286435303,0.05732280838358442,0.9692046556741029,0.9602327837051406,0.4697456532016591,0.040104647776804184
Gnrh1,-0.007024420836136256,-0.0077590787831394595,0.009860976398318785,0.009133527319754284,0.017846505082396137,0.00921176134924837,0.9934529582929195,0.9909473003556418,0.15945967712412126,0.005714967235479241
Gpc3,0.06908365149829675,0.08010634243975057,0.04623343032654381,0.07193663110248949,0.10196851583036023,0.1561571611961927,0.9737310054962819,0.9522308438409312,0.2985182168679196,0.03665833668444915
Gpc4,0.033911800779740695,0.053150005402105197,0.039282250242483024,0.03394762366634336,0.08025451231669523,0.04249450356129295,0.9761558357581636,0.9700937601034594,0.21795266921893516,0.02661488697019612
Gpr101,0.28883404174434507,0.16854034969338935,0.01842870999030068,0.02521823472356935,0.04977354139364787,0.08633461936363168,0.9907856450048497,0.986825088910443,0.45050281834487677,0.163816707892821
Gpr139,0.06092759199789166,0.08111559900108382,0.011639185257032008,0.012366634335596509,0.022334623126655948,0.01593177375901935,0.9924021985127708,0.9892499191723246,0.036155475212662505,0.0179591399886686
Gpr149,0.06056698054437992,0.03336865037939437,0.014144843194309732,0.01600387972841901,0.02736216072106335,0.02399217845244919,0.9908664726802457,0.9865826058842547,0.15923337011101732,0.031593270442516655
Gpr150,0.010151596341164307,0.022871146259595448,0.014710636922082122,0.010265114775299062,0.02791162819917403,0.010321397544739297,0.9903815066278694,0.989815712900097,0.06735416005436667,-0.002967564405009154
Gpr26,0.18604689077630246,0.18738591517318887,0.08179760750080828,0.034836728095699966,0.2138070498875834,0.060942884755166155,0.9603136113805367,0.9734885224700938,0.2067404837252802,0.04607490226610842
Gpr37l1,0.585858769688103,0.44366618116654083,1.5183478823149046,0.9809246686065308,12.438638460290536,6.297566943241187,0.6762043323634013,0.7360168121564824,0.2213876114824896,0.0875039129101774
Gpr39,0.004875443922018741,0.01167125526004994,0.00848690591658584,0.011477529906239896,0.014881092376233305,0.011669106915076496,0.994099579696088,0.9886841254445522,0.0651030931229458,-0.0032610212964797563
Gpr4,0.07545924060228361,0.07138295625825838,0.050193986420950534,0.05577109602327837,0.10538551038090767,0.06349158937468113,0.9700937601034594,0.9486744261235047,0.10343507359350508,0.01841100227322262
Gpr50,-0.0038921432716961402,0.0018732444326199412,0.01713546718396379,0.01673132880698351,0.03591717434182023,0.02873719810353328,0.9896540575493049,0.9865826058842547,0.1591448709329983,0.09311469141219823
Gpr6,0.022460134931651696,0.03430697511142474,0.006870352408664727,0.003475590042030391,0.010864534436248265,0.003463510315890127,0.9949078564500485,0.9965244099579696,0.05761793230485921,0.004142561717157914
Gpr83,0.0927159292003135,0.08496679329795698,0.023601681215648238,0.02432913029421274,0.054405779913112726,0.05526001711782133,0.9866634335596508,0.9818946007112835,0.11427290333372003,0.04411483457985449
Gpr88,0.1881491905376321,0.06086001839812692,0.019075331393469123,0.015357258325250566,0.0481327369698627,0.03710654064969947,0.9899773682508891,0.9891690914969286,0.06927094983589738,0.03958891014955016
Gprc5b,0.39122999486964266,0.42083147398710286,2.3104591011962494,1.4630617523440026,10.364898689969705,5.204503655093775,0.44746201099256383,0.5005657937277724,0.5000405774476162,0.21287806531733827
Gpx3,0.4769242714392813,0.37662426593717335,0.23593598448108632,0.20384739734885224,1.2910041110006234,1.0848607229138438,0.925961849337213,0.9208697057872616,0.6869670390210508,0.33151457822789954
Greb1,0.061355529360138265,0.03884397110543745,0.032654380860006466,0.015276430649854511,0.06957707970680226,0.017952857630702885,0.9806821855803427,0.9860976398318785,0.12927361903713572,0.015474463232800972
Grem1,0.023862604355623592,0.04348331272454915,0.02651147752990624,0.013740704817329454,0.05474492688087543,0.018886524424593813,0.9838344649207889,0.9876333656644035,0.12612857307885897,0.006731832251081198
Grhpr,0.139253995688753,0.14450691628685533,0.3798900743614614,0.2518590365341093,0.8298186752749055,0.38063427434202235,0.8071451665050113,0.818299385709667,0.39197871538969764,0.06703338514956687
Grid2ip,0.09677385832614922,0.12293050005506773,0.261639185257032,0.0691884901390236,0.7974518232559803,0.14636070582284796,0.8859521500161656,0.9499676689298415,0.4231207175877219,0.05039537136199593
Grik1,0.14952043584837485,0.10765113762715782,0.08688975105075979,0.0367765923052053,0.24277348186392123,0.05692423621895751,0.9586162301972195,0.9706595538312318,0.12464516382851981,0.020959093383393773
Grik3,0.5859693489013127,0.5733789210613086,0.8204817329453605,0.42919495635305527,5.082467663180702,1.5927073053478078,0.8128031037827352,0.838587132234077,0.43947574704473175,0.21896465969142104
Grik4,0.2768879563345064,0.22545682392487135,0.2769964435822826,0.17523440025864856,0.7304989644231747,0.3259046088132912,0.8693824765599741,0.8811833171677983,0.2559043201496761,0.11215314250523882
Grin2c,0.401108119773585,0.4631179939474951,0.7584060782411898,0.2886356288393146,3.4543223220063783,0.6298320537839326,0.7811186550274815,0.8352731975428387,0.5686366074028992,0.15972248233423234
Grm1,0.3225480150253959,0.3647747295603208,0.4125444552214678,0.3041545425153573,1.1217566359965752,0.6903060504779813,0.8208858713223408,0.827028774652441,0.3805505109342327,0.1328799094772068
Grm3,0.2062242306593921,0.26010493454252276,0.4162625282896864,0.4987067571936631,0.9707604250976493,1.1704638949334125,0.8022146783058519,0.7381991593921758,0.39603040308706994,0.11350163695113775
Grm8,0.2912755021775666,0.3017971163987639,0.15906886517943744,0.1441965729065632,0.40486198458833383,0.31270233704626754,0.9235370190753314,0.9135952150016166,0.21249721642918723,0.05668472664421287
Grp,0.10484101989821512,0.1274391606408098,0.029987067571936633,0.029340446168768186,0.07920100209592722,0.09944628338509151,0.9849660523763336,0.9838344649207889,0.19027251838118456,0.05809054635360726
Grpr,-0.003736448712321871,-0.004556702800586628,0.005011315874555448,0.006466214031684449,0.008057654252810988,0.009334198422042216,0.9962010992563853,0.9945845457484642,0.045660512185196116,0.024048960211427727
Gsta4,0.10066537648761874,0.10733624912934556,0.22057872615583576,0.26034594245069514,0.4793922289299001,0.47853424825117125,0.8809408341416101,0.8279178790817976,0.21249481089015493,0.03621120056233624
Gsto1,0.02792204494163864,0.02940321905130362,0.07872615583575816,0.07040090526996444,0.15869065019527737,0.08209511893873357,0.9523924991917232,0.9368735855156806,0.18919105551085913,0.012464292212347275
Gsx1,0.005484239406715686,0.004238756609227526,0.011639185257032008,0.0072744907856450046,0.023142899880616498,0.008514815375785856,0.9924830261881669,0.9932104752667313,0.04939758355917621,0.009916889940564552
Gucy1a1,0.09124795491074694,0.08327943294686548,0.13215324927255093,0.1130779178790818,0.2942878627092936,0.17901745820295592,0.9275784028451342,0.914161008729389,0.24762630978717998,0.025444742095835474
Gxylt2,0.03747891301477879,0.04116865962545158,0.012366634335596509,0.008567733591981895,0.024499507351006606,0.008494327533078118,0.9920788878111866,0.9914322664080181,0.41374903967985216,0.0041270700725109
Gzmk,-0.002313427848542532,-0.0024337195947059147,0.0021015195602974456,0.00331393469123828,0.0027437245790035776,0.0033029525281006215,0.9982217911412867,0.9966860653087617,0.03281091755322408,0.021173419097760784
H2-Q2,0.18244503207972387,0.12991150119767436,0.02740058195926285,0.014872292272874232,0.07352984179726882,0.022572219384237525,0.9864209505334627,0.9881183317167799,0.365291058234074,0.08424600758080183
Hapln1,0.01876151798264716,0.009672704326722344,0.01139670223084384,0.011800840607824119,0.021774415210592545,0.016026275240155367,0.9925638538635629,0.9895732298739088,0.07138341597831968,0.00745999729320362
Hcrtr1,0.06281191120738795,0.07036012326973634,0.024409957969608796,0.013821532492725509,0.05792339093866619,0.02543133834011498,0.9867442612350469,0.9892499191723246,0.1297600845646159,0.03538022489886566
Hcrtr2,0.06449504971376444,0.04551643485419282,0.012366634335596509,0.01066925315227934,0.023367919895461827,0.012010318346578506,0.9919172324603944,0.9899773682508891,0.06028500552021296,0.0029917709978802766
Hdc,0.008590787158099333,0.007533120393252924,0.02465244099579696,0.0187520206918849,0.048777966819938734,0.01953196986739651,0.9845619139993533,0.9818137730358875,0.14776326643556523,0.010641021181250621
Hgf,0.05284160326886189,0.03764683836261488,0.00978014872292273,0.008810216618170061,0.0177672649534858,0.010510805560028189,0.9934529582929195,0.9919172324603944,0.0992120325841017,0.02326215002713561
Hhip,0.034420879849179686,0.04078760013159246,0.04380860006466214,0.04696087940510831,0.08796118160078834,0.05849626002794033,0.9730035564177174,0.9587778855480117,0.23933201623105946,0.03858332874496928
Hmcn1,0.09798942894220639,0.10525533402351295,0.05593275137407048,0.042111218881344975,0.1261958079574154,0.06507113279684817,0.9688813449725185,0.9667798254122212,0.06713802590029208,0.011349902540476709
Hmgb3,0.0349747254336141,0.0221617720349166,0.069754283866796,0.11970578726155835,0.1408666386213187,0.14902325647153808,0.9576462980924668,0.8987229227287423,0.19120719942404615,0.03531779504636405
Hmx2,-0.004210788978710492,-0.00458752524122665,0.005819592628516004,0.004688005172971225,0.008695521284412127,0.004827683131260354,0.9954736501778209,0.9953928225024248,0.11076550422542496,0.004446814154022209
Homer3,0.18681606193575948,0.16930574535490192,0.5229550598124798,0.1580181053992887,1.8144585162474343,0.27029377658785575,0.7930003233107016,0.885143873262205,0.5054182823514314,0.10004422541640326
Hopx,0.20469007184950222,0.19384094337542887,0.42539605560944066,0.5250565793727773,0.9421387455001222,1.339252542870676,0.7901713546718396,0.7150016165535079,0.4719442080430062,0.10490708149447604
Hoxb3,0.2722732362135325,0.25753184170886284,0.12010992563853863,0.13296152602651148,0.278169790696826,0.23345282005213944,0.93606530876172,0.9072098286453282,0.3416334800773401,0.13087699643151993
Hoxb4,0.30584746163913745,0.29815689999621553,0.1367604267701261,0.10499515033947623,0.3283706238203158,0.1904794131676521,0.9295182670546395,0.9275784028451342,0.45651215466703704,0.11961152414787253
Hoxb5,0.5281673313788227,0.468405377251449,0.5071936631102489,0.6317491108955706,2.332069169413449,3.7019276551293836,0.8335758163595215,0.8015680569026835,0.5310820604752385,0.2702286817810445
Hoxb6,0.3993112801234902,0.33730760111204516,0.14783381829938572,0.16173617846750726,0.40192466426854373,0.485884732208528,0.9308923375363725,0.9122211445198836,0.37254844559847783,0.1876666935718218
Hoxb8,0.09472281848663791,0.10983404464378657,0.028047203362431296,0.04162625282896864,0.05781341904568674,0.07772085998970486,0.9830261881668283,0.9701745877788555,0.2679361921010014,0.11995814269880886
Hoxc4,0.19306989087910573,0.20084278190261828,0.06272227610733916,0.10224700937601035,0.13605944986588303,0.19961667742799075,0.9639508567733592,0.9308923375363725,0.3009069504740942,0.14879409495193605
Hpgd,0.13393837248971868,0.1403664220422947,0.028612997090203686,0.04591011962495958,0.06044867434772615,0.08211469867869328,0.9830261881668283,0.966618170061429,0.04776745281898277,0.006241175378579644
Hpse,0.10616278769684452,0.08902969453257016,0.008001939864209506,0.007436146136437116,0.014242467503511417,0.009482369427375133,0.9945037180730683,0.9934529582929195,0.03242275496401015,0.012330810767115922
Hpse2,0.01603851241574593,0.011579196235880697,0.007112835434852894,0.004930488199159392,0.011911903530692934,0.005229489186859872,0.9949078564500485,0.9952311671516327,0.04304986383754217,0.0005161621852790959
Hrh1,0.06869466503234989,0.06928741151434317,0.04049466537342386,0.024894924021985128,0.08266344751438043,0.027508273795778596,0.9754283866795991,0.976721629485936,0.09166659751309508,0.0009013776051763971
Hrh2,0.03884729936353118,0.038478053209069045,0.0316844487552538,0.02133850630455868,0.06495147883025708,0.023146349364329227,0.9807630132557388,0.97971225347559,0.07144001890447674,0.0018126250378205377
Hrh3,0.09830488966733728,0.09269695641792974,0.06458131264144844,0.05560944067248626,0.1394600332362983,0.07401719243593008,0.9628192693178145,0.9531199482702878,0.16924051399238937,0.039676501249000524
Hrk,0.0520972472242815,0.028776076383837768,0.026268994503718075,0.029502101519560297,0.05386862082010115,0.03865435927460539,0.9840769479469771,0.9745392822502424,0.062240521821551945,0.03599212599357069
Hs3st2,0.09766984744406901,0.07464361136318289,0.0533462657613967,0.045425153572583254,0.12001224253131895,0.11028702422339783,0.9700937601034594,0.9692854833494988,0.10260797045597854,0.03540694532083537
Hs3st3a1,0.010207341967116208,0.015966055388290466,0.013336566440349175,0.010992563853863564,0.02463623234217122,0.01216497020011553,0.99118978338183,0.9896540575493049,0.09518655500337524,0.0023089272313787145
Hs3st3b1,0.06671076446289897,0.07213853998589007,0.030310378273520854,0.021419333979954738,0.062207695453235505,0.025648551284775854,0.9814904623343033,0.9806013579049466,0.08892089578271531,0.033772371445160064
Hs3st4,0.1960639039613119,0.18799013358198316,0.08268671193016489,0.09198189460071128,0.21487322128155847,0.22884938602842977,0.9594245069511801,0.9446330423537019,0.1169992265399249,0.10219506337985348
Hspb8,0.14915468354111486,0.10943581138726416,0.1327190430003233,0.09287099903006789,0.30828284282197455,0.16604358407000927,0.9293566117038474,0.930164888457808,0.36116689066549285,0.13605579325000902
Htr1a,0.16378400748152774,0.15152882951900348,0.05504364694471387,0.054558680892337535,0.1359129709368453,0.14033081881647821,0.9712253475590042,0.965244099579696,0.09864496745699933,0.07501874656862183
Htr1b,0.09598065549620462,0.09671010561211506,0.03984804397025542,0.04154542515357258,0.09257637522814938,0.095267188124075,0.978257355318461,0.9721144519883608,0.10748920873240136,0.04730592622808481
Htr1d,0.12281947652221596,0.07667657964287729,0.024571613320400906,0.0180245716133204,0.05694554070082428,0.03467349826464451,0.9861784675072744,0.9865017782088588,0.08740486950646155,0.01632136859840704
Htr1f,0.019342358263149013,0.028305730236727118,0.01826705463950857,0.018347882314904623,0.03587711329223012,0.022860898053227576,0.9885224700937602,0.9839152925961849,0.08223674546610381,0.041941595805944275
Htr2a,0.020329195235479897,0.018693668994998726,0.01050759780148723,0.01252828968638862,0.01896492178191131,0.01592774936133883,0.9928871645651471,0.9889266084707404,0.07383177419853323,0.017791268782969653
Htr2c,0.031106512901986624,0.04970552871516104,0.01268994503718073,0.02101519560297446,0.02449140629075029,0.03156612101058303,0.9918364047849983,0.982622049789848,0.07157255993967557,0.03524837573101688
Htr3a,0.04065938114519039,0.046466880065945126,0.009133527319754284,0.012285806660200453,0.018102805642811814,0.024582327625910182,0.9940187520206919,0.9904623343032655,0.05320474117423917,0.01047502414913795
Htr4,0.028084597986169274,0.039993090036064625,0.018509537665696733,0.013498221791141287,0.035464057215854786,0.014609262605953612,0.9880375040413838,0.9870675719366311,0.09572160135682548,0.0031667745139407405
Htr7,0.1881238597630083,0.19758565728382016,0.08567733591981895,0.06320724215971549,0.2003865198775454,0.10964855614536947,0.9540898803750404,0.9535240866472681,0.1248960521780313,0.058502131973880815
Id2,0.13107589693544355,0.10661924043241189,0.29348528936307794,0.3041545425153573,0.6194111634596399,0.49793618303556725,0.8423052053022955,0.7865341092790171,0.23374669101870862,0.02254943260403175
Id4,0.3716645185917298,0.2949346245001697,0.2492725509214355,0.32403815066278696,0.6061464155317081,0.8153840166495084,0.8773844164241836,0.8219366311024895,0.3015535999751509,0.14822521400090327
Ier3ip1,0.020425002782660826,0.024520056662889478,0.09456838021338507,0.11614936954413191,0.18908462618415292,0.13321155479831676,0.9426123504688005,0.8975105075978015,0.2109159540468189,0.021264345915791433
Igf1,0.09176526625649055,0.0690038881947116,0.010750080827675396,0.011154219204655674,0.020010526935816297,0.013292977509683685,0.9928871645651471,0.9899773682508891,0.1679056727324438,0.019015996398484978
Igf2,0.2888843398219837,0.30570547895793115,0.5604591011962496,0.5177820885871323,6.132539330124896,6.928797926000646,0.9034917555771096,0.8984804397025542,0.4574732191310552,0.16842917516609127
Igf2bp2,0.01626083165272248,0.007725806545641612,0.01268994503718073,0.010992563853863564,0.024006440238373956,0.011033382744576046,0.9917555771096024,0.9890882638215325,0.1241260563454365,0.014406338078203964
Igfbp4,0.20229705931102546,0.18127827967775056,0.17256708697057874,0.1698997736825089,0.4680382532587953,0.6649588325022916,0.9199806013579049,0.9134335596508244,0.2767916018240564,0.17996992368045797
Igfbp6,0.22522000477716667,0.14091557563741106,0.05391205948916909,0.04591011962495958,0.14541227419339833,0.17021686486042956,0.9740543161978662,0.9744584545748465,0.41929645329359005,0.09812421254750503
Igfbpl1,0.0013094139715803088,0.0055029854977924585,0.00921435499515034,0.007193663110248949,0.01688890749519503,0.007303569672097499,0.9937762689945037,0.9928871645651471,0.10051510101644145,0.007458122788138843
Igfn1,-0.0038258332983555784,-0.004096711746359757,0.00533462657613967,0.003960556094406725,0.007730998597314484,0.003944870089828288,0.9957969608794051,0.9960394439055933,0.05771551418169587,0.0028399414622641366
Ighm,0.24096087223959953,0.17489383732065691,0.5604591011962496,0.3326867119301649,1.3386499023848373,0.5419222028529178,0.7379566763659877,0.7730358874878759,0.4813910824816814,0.11202951095687057
Igsf1,0.023475264305326045,0.03287230061030735,0.028451341739411575,0.011720012932428064,0.059326311647892586,0.01239093098325675,0.9828645328160363,0.9886841254445522,0.12913690444730203,0.018472540402694578
Il1rap,0.10180777101418036,0.10566876423744682,0.09392175881021662,0.08939540898803751,0.19955245039302688,0.1214943968363515,0.9458454574846428,0.9262851600387972,0.1989848213631789,0.06715566719299881
Il1rapl2,0.025594495205115732,0.029291743517105923,0.013336566440349175,0.011558357581635953,0.02754602865642922,0.018214286684924096,0.9917555771096024,0.9910281280310378,0.04439730279903622,0.012967921391535473
Il31ra,0.03136034373490653,0.030271895198941242,0.01268994503718073,0.013821532492725509,0.02643127050025563,0.015408706590985033,0.9921597154865827,0.986986744261235,0.13313196097585997,0.019015244503527547
Inhba,0.04610606614864371,0.03656243270439561,0.029744584545748465,0.03322017458777886,0.059251050184866184,0.04294750309121849,0.9815712900096993,0.9704978984804397,0.08061715011215749,0.011316861629436351
Inhbb,0.05301654541157035,0.06127090624895603,0.09626576139670223,0.049062398965405755,0.22295081459558097,0.06767047557611851,0.9481894600711284,0.9586970578726156,0.22540192271204,0.025949448457692037
Insm2,0.02121549638899156,0.025824680755262383,0.011800840607824119,0.02263174911089557,0.020875935763923183,0.031172252687432272,0.9919172324603944,0.9800355641771743,0.07211691124715541,0.0171009744680023
Insyn2b,0.0962020152879644,0.11039387201546881,0.037099903006789524,0.029178790817976075,0.07791554676041737,0.038996642136644076,0.9780148722922729,0.9750242483026188,0.07726065802240525,0.029265980630738816
Iqgap2,0.0666595819833483,0.06430292249444614,0.02150016165535079,0.019075331393469123,0.04496289662137703,0.02550098785896549,0.9871483996120272,0.9835111542192047,0.18837266025685628,0.030911614929812824
Irs4,0.024551918803687383,0.012513270357385458,0.009618493372130617,0.014629809246686065,0.020518541811244455,0.02783317204383445,0.9941804073714839,0.9890882638215325,0.10351108675700507,0.057869829744520755
Irx2,0.19816096516740325,0.13518405637352415,0.07775622373100549,0.06304558680892337,0.196184813512025,0.1125787619051059,0.9589395408988037,0.9525541545425154,0.19729056843364884,0.09020077966464816
Irx3,0.11104096266791623,0.08110588760173594,0.05843840931134821,0.05593275137407048,0.12469681781990749,0.08157893113879848,0.9658907209828645,0.9540898803750404,0.24935957354184232,0.09755335792642679
Irx5,0.11812578541262089,0.11841933781726344,0.07516973811833172,0.04987067571936631,0.16150114319026446,0.0640340925542574,0.9566763659877142,0.9570805043646945,0.15959032371481793,0.028756579669827902
Irx6,0.03201382280877434,0.017986164146874022,0.013336566440349175,0.01066925315227934,0.02673775190246867,0.012495284398954629,0.9915939217588102,0.9902198512770772,0.042562021535687285,0.0009724941022939863
Isl1,0.02348851980134578,0.024508312448865175,0.007355318461041061,0.006870352408664727,0.014090742484646401,0.009571291629911842,0.9949886841254445,0.994099579696088,0.09765523517121347,0.06562549131098168
Isoc1,0.08537010846788318,0.07636764586620341,0.17151632719043,0.13393145813126414,0.3604948556176776,0.19051693936929767,0.9030067895247332,0.8925800193986421,0.3043956270057931,0.047388846277877074
Isyna1,0.2948526059725419,0.2950909950439756,0.54364694471387,0.22332686711930164,1.9708560176086738,0.4726760318580323,0.799466537342386,0.860491432266408,0.35884736844682297,0.08678044396769931
Itga2,0.02401156450990556,0.012762778361179426,0.008729388942774006,0.010588425476883285,0.015604366795520564,0.010799621424385605,0.9940187520206919,0.9895732298739088,0.08533374865608526,0.002118899970702024
Itga4,0.02388278594283682,0.013275422270713306,0.02004526349822179,0.01842870999030068,0.03936540370614622,0.020675578251062594,0.9874717103136114,0.9827837051406402,0.08830839496012777,0.0016974559647317362
Itga8,0.04310294199403666,0.04446070395099057,0.024167474943420628,0.011720012932428064,0.04912495352343333,0.01303755238642476,0.9851277077271258,0.9889266084707404,0.23501229290337894,0.013326411476640605
Itga9,0.13979627188705923,0.10273240164137673,0.16222114451988362,0.06838021338506305,0.5966231945480596,0.15665618650786944,0.9413191076624636,0.9583737471710314,0.09645886951423178,0.0005376833765963938
Itgad,-0.004717029410447113,-0.005214014952298189,0.006708697057872616,0.005738764953119948,0.011675006316213755,0.005705831529931553,0.9953119948270288,0.99426123504688,0.09972892025276686,0.0035093906255177065
Itih3,0.5412293113974591,0.43724051885965337,1.0297445845457485,0.4616068541868736,8.787831716204911,2.380921698653018,0.7706110572259942,0.8324442289039767,0.26920566106376415,0.09314921202307344
Itih5,0.34992066741301914,0.34595790581623004,0.3971871968962173,0.2669738118331717,1.5808456283908818,0.9370502343615597,0.8596831555124474,0.8683317167798255,0.15271289692700948,0.05972159093674475
Kazald1,0.05235842137685313,0.05110489892003936,0.06053992887164565,0.03152279340446169,0.12557836997050897,0.03909684049243892,0.9638700290979632,0.9717911412867766,0.13748215331803754,0.01536658906505014
Kcnab3,0.28940271964146325,0.2660190266070419,0.36768509537665695,0.20716133204009052,1.139864250010636,0.5333046804059459,0.8482056256062076,0.883769802780472,0.29699796052998484,0.12094566649963422
Kcng1,0.21349698202618453,0.1631492997368044,0.03693824765599742,0.0316844487552538,0.09764946822027232,0.09065467960620736,0.9815712900096993,0.9793081150986097,0.25355531409271637,0.17322822086153714
Kcng2,0.060284678703271546,0.06715154707480366,0.025137407048173296,0.009133527319754284,0.05198692744972665,0.010181693454001696,0.9847235693501455,0.9914322664080181,0.10677998519880956,0.013048653330971776
Kcng4,0.2578983976450456,0.2125438779256674,0.3798092466860653,0.15373423860329777,1.4419880657793553,0.316811952649189,0.8587132234076948,0.8998545101842871,0.35813109748971955,0.10409079529818108
Kcnh3,0.009819539780113785,0.012954774154707104,0.015114775299062399,0.00662786938247656,0.030405232542763925,0.006907251431507488,0.9905431619786615,0.9935337859683155,0.07976869024383329,0.007124336812744158
Kcnh8,0.22359023663466646,0.1924938493189318,0.0504364694471387,0.0453443258971872,0.1177277435390386,0.07836742912802447,0.9725994180407371,0.9668606530876172,0.12583972617336814,0.06353596318727989
Kcnip1,0.234771546022622,0.173842716755497,0.12293889427740058,0.09561913999353379,0.29081877964792063,0.17409332018980458,0.9352570320077594,0.9318622696411252,0.2194331546974976,0.0747290539737913
Kcnj4,0.003370545674446629,0.0005042981810415356,0.009537665696734561,0.011881668283220174,0.01704450011702112,0.012063804943612193,0.9934529582929195,0.9882799870675719,0.0661119075179738,0.011787575078680113
Kcnj5,0.03987412425554145,0.020540148617025328,0.007355318461041061,0.01010345942450695,0.014575708537022735,0.01840745777335478,0.9951503394762367,0.9922405431619786,0.1792174779209758,0.14289186553537142
Kcnj8,0.043922378046198245,0.06193176574723575,0.06676365987714193,0.059246686065308765,0.22137513877638867,0.24697479624280597,0.9735693501454898,0.9755092143549952,0.15121549618345015,0.003500708403691193
Kcnk9,0.27797800391866156,0.2795351450220056,0.22631749110895572,0.295021015195603,0.62660127908947,0.9734217017896274,0.8958131264144843,0.8484481086323957,0.27914240022208187,0.08573970565449003
Kcnmb2,0.03406599427702498,0.03429543355846299,0.06490462334303265,0.07710960232783705,0.13149705685867644,0.0870059359342992,0.9607985774329131,0.9298415777562238,0.17210064094339392,0.03488797301393395
Kcns3,0.09943910005295037,0.08683029372651209,0.04009052699644358,0.02780472033624313,0.08649491582684805,0.04206556548693269,0.976721629485936,0.9778532169414808,0.07194520865798351,0.023244720878632913
Kctd8,0.11763210140355575,0.1385214084291126,0.21580989330746847,0.18711606854186874,0.47476459625517775,0.29581525228957706,0.8841739411574523,0.8621888134497252,0.30875999201879994,0.042461853103031195
Kif11,2.4366031366902904e-05,0.004754670211603932,0.009860976398318785,0.008163595215001616,0.01913974788873303,0.009390193734501992,0.9936954413191077,0.9924021985127708,0.045262713796736645,0.0152944049458637
Kirrel,0.1607218828356218,0.16740942742330378,0.15947300355641772,0.06377303588748788,0.37426121597018974,0.08524758120631364,0.9175557710960233,0.9471387002909797,0.30295115397509104,0.051083918283896676
Kit,0.6586293545447863,0.6214746835007733,0.9935337859683155,1.1126737795021016,9.018710208767981,11.389826442888225,0.8287261558357581,0.8232298739088264,0.4843157701035459,0.30961459080662607
Kitl,0.19297895549592115,0.19705787994860066,0.1074199806013579,0.2170223084384093,0.23959253522314866,0.5063284110770127,0.9407533139346912,0.8708373747171031,0.1433569598895669,0.03863855059268668
Kl,0.030256632219598404,0.01732064226865368,0.014791464597478177,0.015357258325250566,0.027505105235908624,0.021910937675244883,0.9902198512770772,0.9867442612350469,0.13379303661399905,0.006782697264144449
Klf5,0.15055066995447136,0.1130569151395326,0.04130294212738442,0.02610733915292596,0.10555239222218771,0.04805749510618048,0.9788231490462335,0.9801163918525703,0.35460927040639656,0.03134317665325357
Klhdc8a,0.011404091317494192,0.013240987257239323,0.07112835434852893,0.030876172001293244,0.14495692274274932,0.03347925172125888,0.9572421597154865,0.970821209182024,0.1455900790720756,0.004199199617215372
Klhl14,0.04124231539810979,0.04794073434729053,0.014548981571290009,0.016165535079211122,0.029209600979402502,0.022532079937282064,0.9908664726802457,0.9865826058842547,0.05830989342897944,0.026038996736370487
Klk6,0.18080082537668585,0.3066031735219377,0.3629162625282897,0.2363401228580666,2.0912145151348187,1.2941271807923889,0.9121403168444876,0.9217588102166182,0.7119252256738255,0.04769233610763694
Klk8,0.017125112572694095,0.009732555696299841,0.016165535079211122,0.013174911089557064,0.031099813529272373,0.013647954210505594,0.9896540575493049,0.9871483996120272,0.0351935941776706,-0.005107921027317343
Krt12,0.02903769878524978,0.019735173145772226,0.0040413837698027805,0.003960556094406725,0.006126570547325401,0.004106525440619329,0.9968477206595538,0.9961202715809894,0.00417052332549963,-0.003728828299960133
Krt9,0.11573609708099553,0.06730681957778929,0.027885548011639186,0.02335919818946007,0.07431130665502624,0.07228008339182414,0.9860168121564824,0.985531846104106,0.12316574271903007,0.06955666503453817
L3mbtl4,0.01778889470020868,0.030399391503467287,0.0424345295829292,0.016650501131587454,0.09026203297518287,0.019606368959500832,0.9751050759780149,0.9846427416747494,0.20562582752286823,0.028172451036436796
Lama1,0.04992740128678079,0.08126947793588811,0.07193663110248949,0.038150662786938246,0.23843973474933597,0.11671458835789433,0.9713061752344002,0.9783381829938571,0.32180413673683184,0.03470520889544275
Lama3,0.13076929579698987,0.1070909888517087,0.038554801163918524,0.03572583252505658,0.09089956028490229,0.07098360669449075,0.9791464597478177,0.9747817652764307,0.19700809283412976,0.033598694204592904
Lama4,0.11838857013722667,0.12790234146691795,0.09602327837051407,0.0540737148399612,0.21531881226122127,0.07151832240315283,0.9471387002909797,0.9538473973488523,0.1707053737852413,0.008110403431941396
Lamb3,0.014722089596118378,0.001714788482026536,0.015518913676042677,0.006951180084060782,0.030312024618024555,0.007064516530291837,0.9901390236016813,0.9931296475913353,0.1297737465278099,-0.002734261810962761
Lamc2,-0.004490282057585033,-0.004912581948241672,0.006547041707080504,0.005011315874555448,0.010707217072561141,0.0049862025877619,0.9952311671516327,0.9949886841254445,0.04274596303041908,-0.0047657730842141244
Lamp5,0.3815163385278848,0.25043595722768014,0.16375687035240866,0.1270611057225994,0.5357443081689314,0.4542725462177532,0.9270934367927578,0.9340446168768186,0.17936205587428383,0.0648985438115218
Lancl3,0.06940128841641471,0.07128293241177665,0.05035564177174264,0.07630132557387649,0.1031060810844006,0.1076601639717145,0.9695279663756871,0.937439379243453,0.2456137527331391,0.07273315196476851
Layn,0.1360062324573311,0.12462503066760099,0.06870352408664727,0.062156482379566766,0.15337875885276026,0.09692868291712371,0.9616876818622696,0.9514225670869706,0.06985255552790558,0.029534660288437306
Lcp1,0.21633306565520202,0.2250472921648099,0.08001939864209505,0.10548011639185258,0.1982525699437703,0.24808830004093607,0.9589395408988037,0.9344487552537989,0.06980167669968802,0.040551886859195405
Ldb2,0.24479305294300865,0.2238095053864838,0.09844810863239573,0.09537665696734562,0.2306894765345734,0.1839197821515607,0.94754283866796,0.9344487552537989,0.27909234238903224,0.0772359433231611
Lef1,0.2069386850955337,0.2761150868167885,0.13215324927255093,0.1471063692208212,0.3317919040930633,0.3396594251550543,0.9349337213061752,0.9138376980278047,0.11165742763877204,0.050594647785234766
Lemd1,0.10092191836517053,0.09479678124692202,0.02150016165535079,0.013013255738764953,0.043992964516624364,0.01640032863125921,0.986825088910443,0.9886032977691561,0.09214350674004286,0.01867994721033469
Lepr,0.03719074641274989,0.042537499492605914,0.02247009376010346,0.016165535079211122,0.04540521451137174,0.018975662219856804,0.9860168121564824,0.9852085354025218,0.1313112361052863,0.006771936492905881
Lgr5,0.02793437692148972,0.027135007097269764,0.030391205948916908,0.03661493695441319,0.06276858281306234,0.04933829886514356,0.9816521176850954,0.9683963789201423,0.09449791973708008,0.009161504150870943
Lgr6,0.16876163306432548,0.1737952617637805,0.08640478499838344,0.05326543808600065,0.201635409378979,0.07693970872139462,0.9536857419980601,0.9581312641448432,0.25705144773065103,0.02420317837920217
Lhfp,0.1497133094217737,0.1724213885786594,0.447704494018752,0.30358874878758485,0.9713194962520313,0.4904397558642922,0.777481409634659,0.7923537019075332,0.4954126444879328,0.07600224004740314
Lhfpl2,0.06868496084669365,0.08169722329295061,0.23731005496281926,0.16020045263498223,0.5125491172509831,0.22667981756203084,0.871968962172648,0.8737471710313611,0.26708794941173825,0.036281988541198934
Lhfpl5,0.12439290759889243,0.13314672489973836,0.09327513740704817,0.060701584222437766,0.20242163687619358,0.0825584473205204,0.9470578726155836,0.9495635305528612,0.28022780268887965,0.03956485293134978
Lhx1,0.12016093279328026,0.1346751134209719,0.0848690591658584,0.11218881344972519,0.1808024157675274,0.1694375951286595,0.9510184287099903,0.9126252828968638,0.27355650843300167,0.07195425522069646
Lhx2,0.25480585668520583,0.20945109035943826,0.035240866472680245,0.030067895247332686,0.10949199662285092,0.07458897049535285,0.9846427416747494,0.9822987390882638,0.13624829728865592,0.09919012453636174
Lhx4,0.1225637678202341,0.07301777488833065,0.01786291626252829,0.01915615906886518,0.04502524211978511,0.04837212983355489,0.9905431619786615,0.9877141933397996,0.12664756778212843,0.02907775872089716
Lhx5,0.1962594909118048,0.22731771509778734,0.11994827028774653,0.10556094406724863,0.28047177229978854,0.18785462391280455,0.9367927578402845,0.9249110895570644,0.21638151008903345,0.06456972750810076
Lhx6,-0.0030475863527269463,0.0012997660462346033,0.01050759780148723,0.014225670869705788,0.021389752043792978,0.02372262220554442,0.9933721306175234,0.9894924021985128,0.11444076025665705,0.05865767627542032
Lhx8,0.01913222695171539,0.0129519004038635,0.0056579372777238925,0.005172971225347559,0.00902068739011957,0.005307866944839935,0.9957969608794051,0.9949078564500485,0.1026161361874185,-0.005225308611585201
Lhx9,0.048024605850356075,0.0399714299621504,0.023844164241836406,0.02610733915292596,0.051726961812856305,0.03787320800627724,0.9860976398318785,0.9785806660200452,0.06792578041903803,0.02843854227491416
Lipg,-0.003026301817387181,-0.0033595215016594257,0.004122211445198836,0.003718073068218558,0.006368393729089465,0.004027559702460944,0.9968477206595538,0.9964435822825736,0.10896483026545843,0.00324474492985094
Lmcd1,0.10255105988255032,0.11055803267646265,0.06716779825412221,0.06231813773035887,0.1593261849054982,0.13231108275212292,0.9643549951503395,0.9569996766892984,0.17339917776670533,0.0120925793458697
Lmo1,0.08702047954789939,0.07697666299358402,0.05633688975105076,0.05132557387649531,0.11540035465919155,0.07213128520762967,0.9660523763336566,0.9566763659877142,0.08676107948510121,0.02048383846387619
Lmo2,0.25876904514481924,0.295538825259564,0.3313126414484319,0.2525864856126738,0.927008525921668,0.6367335299436699,0.8559650824442289,0.8560459101196249,0.1259853419667846,0.054646259378175695
Lmod2,-0.004568733184391897,-0.005105678235430742,0.005011315874555448,0.007112835434852894,0.007895998902018878,0.007708864410099153,0.9962010992563853,0.9932104752667313,0.039343478304052146,-0.0012955153586078794
Lmx1a,0.027417442154963653,0.02903215135481546,0.006223731005496282,0.005253798900743615,0.010549690649254508,0.0055495071994376205,0.9954736501778209,0.9949078564500485,0.05217973957193994,0.02424510335990899
Lmx1b,0.41131978976218236,0.3657220344651703,0.10976398318784351,0.06304558680892337,0.3458568146484731,0.15137604609523117,0.9540090526996443,0.9616876818622696,0.358424287612733,0.19092034969842317
Lncenc1,0.2290205467316408,0.1705720177732696,0.032331070158422244,0.03936307791787908,0.08382376106826958,0.09455465414277185,0.9835919818946007,0.9764791464597479,0.33058646257123614,0.10832346044619694
Lnp1,-0.0035816981297509694,-0.003923229251456966,0.00331393469123828,0.0059004203039120596,0.005081161386813711,0.005865605344147898,0.9974135143873262,0.994099579696088,0.016370836574509204,-0.0038285029669798596
Lpar1,0.33405221044385736,0.3497302744472451,0.4857743291302942,0.517539605560944,1.3133281831496069,1.4567728666013706,0.7929194956353055,0.7550921435499515,0.6437792975207344,0.18041440731049946
Lpl,0.04469359408049633,0.030905293678430375,0.014468153895893954,0.013498221791141287,0.028807807990028685,0.02414692830270088,0.9908664726802457,0.9890074361461364,0.07226469232654295,0.002180145846292317
Lrat,0.07013472179261024,0.06563385040695251,0.08301002263174911,0.01931781441965729,0.1925112113447457,0.020237879272036637,0.9529582929194956,0.9813288069835111,0.14667026617405737,0.014652891458365992
Lratd2,0.014533095547057506,0.014449280705617547,0.053507921112188814,0.04518267054639508,0.11013399258193753,0.05575031419046063,0.9679114128677659,0.9598286453281604,0.17910817845167448,0.013863363668299997
Lrp4,0.14725341165137215,0.14745084741506514,0.37245392822502427,0.1658583899127061,0.8670976639782644,0.22725982734393707,0.8199159392175881,0.867765923052053,0.3797914045427402,0.04951888469561031
Lrrc10b,0.050908627171811764,0.07153594859608293,0.029502101519560297,0.017216294859359844,0.06759066706638865,0.02661921509819714,0.9835111542192047,0.9861784675072744,0.3848727141297605,0.07839733739566392
Lrrc38,0.1625786492468514,0.1821188195604953,0.05876172001293243,0.04768832848367281,0.13177176119872278,0.06723762416706135,0.9671839637892015,0.9611218881344973,0.2739132318785224,0.07703898176740558
Lrrc55,0.07093983444682378,0.0681735558533375,0.060054962819269316,0.025299062398965406,0.1285466507133271,0.029670335715246344,0.965082444228904,0.9769641125121241,0.1328170591049608,0.020900440842536467
Lsp1,0.01715303250368896,0.037439342947012524,0.023601681215648238,0.030795344325897187,0.04939446403855728,0.03647486047623204,0.9858551568056902,0.9719527966375687,0.10142794059194796,0.007353295450979194
Ltbp1,0.08371010646477291,0.07992072714428325,0.05205302295505981,0.03330100226317491,0.12014854940324451,0.05288393041284603,0.9714678305851924,0.9729227287423213,0.2966589714744524,0.07777392891918582
Ly6g6e,0.013180281134529967,0.010621372719037774,0.045748464274167476,0.024409957969608796,0.09425366708865351,0.026723908235788307,0.972518590365341,0.9770449401875202,0.16196074397564017,0.016838152103437806
Lypd1,0.09075318761360607,0.07199202149662864,0.03734238603297769,0.02982541222114452,0.08201970721409345,0.047687877698853166,0.9785806660200452,0.9759133527319754,0.0973938345416297,0.08660452192654881
Lypd6,0.23403936477543896,0.19332506780539316,0.09093113482056256,0.1332848367280957,0.20762224970310922,0.2880062483215931,0.9503718073068218,0.9144843194309732,0.31603828220567554,0.12255831234596129
Lypd6b,0.0681888434287159,0.07255166878606878,0.03362431296475913,0.03499838344649208,0.06999775992617686,0.0510706191373726,0.979631425800194,0.9717103136113805,0.12892534441187212,0.04180450916216876
Mab21l1,0.13427352516120997,0.12362357236122633,0.1578564500484966,0.07799870675719367,0.34713113102613047,0.10667080892168124,0.9137568703524087,0.9355803427093436,0.26836083835948127,0.04373940260473091
Mab21l2,0.3136170719756822,0.27372547262702995,0.247090203685742,0.1066925315227934,0.8615943458885132,0.23417118157063693,0.9015518913676043,0.9308115098609764,0.3112733920972833,0.09882809091097688
Maf,0.36602003524422055,0.26374830296735835,0.25864856126737795,0.21168768186226963,0.8364310219806328,0.6825565762367082,0.8920142256708697,0.8874878758486906,0.19373422082068203,0.06152023211124722
Mafa,0.29999626238594407,0.20212913729270313,0.2032007759456838,0.09658907209828645,0.6927863926020491,0.41962302447805677,0.9119786614936954,0.9472195279663757,0.22480378303341922,0.10720387893257033
Mafb,0.3614053256507207,0.27134705628521594,0.1607662463627546,0.13773035887487875,0.6370219799534821,0.4587219098346296,0.9385709666989978,0.9315389589395409,0.05929208870071396,0.00894465368777346
Maged2,0.19669470002329467,0.14932499902464721,0.4353378596831555,0.16521176850953767,1.0524790080622797,0.23652660403864043,0.7904946653734238,0.8710798577432913,0.44306061417233644,0.06822270403155374
Mamdc2,0.0020419241599866815,0.006550236139722152,0.00994180407371484,0.005981247979308115,0.018410698197456606,0.0059454726519184535,0.9933721306175234,0.9940187520206919,0.11794838220207675,-0.0042393181928069516
Man1a,0.05964007375263287,0.06373189844112533,0.054558680892337535,0.06781441965729065,0.11478927339134111,0.10298284043865197,0.9678305851923699,0.9451988360814743,0.0775303424018517,0.03373302770188692
Map3k20,0.0933126929216449,0.09393245865597272,0.09974135143873263,0.12043323634012286,0.21491425576500198,0.19839593257791613,0.9430973165211769,0.9081797607500808,0.22440508840115936,0.053206305145379676
Marcksl1,0.24325875257436974,0.24301811139559842,0.4062398965405755,0.47389266084707404,1.0435045489805261,1.3682967450253478,0.8200775945683803,0.7710960232783706,0.5062352965944528,0.1499956268351879
Masp1,0.08940592403304717,0.0963292825541394,0.16618170061429033,0.09852893630779179,0.355506823758246,0.13068972087300354,0.9072906563207243,0.9186065308761721,0.3194706703216967,0.03173089841836502
Matn2,0.02790097053166095,0.03222549101610303,0.0670061429033301,0.025703200775945685,0.14302068441101998,0.030215517471159217,0.9610410604591012,0.9765599741351438,0.17312135488070862,0.007697114365900759
Mbnl3,-0.0029242771967944127,-0.0031903183423754424,0.0037989007436146135,0.003475590042030391,0.005885988657052225,0.003463510315890127,0.997090203685742,0.9965244099579696,0.07539881184282095,-0.0033525292670406725
Mc4r,0.01644739763658492,0.019337859118600947,0.01252828968638862,0.01010345942450695,0.023848861550162442,0.011941243741670375,0.9918364047849983,0.9907048173294536,0.15438264064878224,0.005615667188061457
Mcm6,-0.0006999674889736846,-0.004005391447108179,0.027643064985451018,0.018347882314904623,0.054037024876735826,0.018657858932634445,0.982622049789848,0.9819754283866796,0.1468267440044405,0.006929419458466358
Mctp2,0.08565943070055276,0.07221051013534979,0.028289686388619464,0.021985127707727127,0.05788058598156993,0.023764956778499637,0.9827028774652441,0.9791464597478177,0.1622342102605515,0.0033696061742995724
Mcub,0.03574255323375406,0.03922839648592686,0.015276430649854511,0.0172971225347559,0.029107076835368374,0.020231039102609462,0.9901390236016813,0.9838344649207889,0.09981898025170703,0.014611182944037793
Mdfic,0.008430365827378055,0.01262468367172705,0.013336566440349175,0.012851600387972843,0.02495954304375544,0.01300974745702999,0.991270611057226,0.9873100549628193,0.11653562247758464,-0.005473659894894198
Mdga1,0.14501941809732688,0.11364587842345109,0.09230520530229551,0.04122211445198836,0.2144024778164224,0.06263956689536039,0.9504526349822179,0.9662948593598448,0.2363160997245281,0.02250925426460625
Mecom,0.08449923335816167,0.09875934220787595,0.08769802780472033,0.10515680569026835,0.19138762041964744,0.14793008372103503,0.9504526349822179,0.9144034917555771,0.14126217600669944,0.04118957736824133
Medag,0.11483908943435535,0.09577081754367461,0.1251212415130941,0.08705140640155189,0.2733844421385169,0.12748509823035914,0.9304073714839961,0.9313773035887488,0.20196488225584358,0.04193150006587446
Mef2c,0.09218682775024287,0.0869900598467784,0.06498545101842872,0.08842547688328484,0.1381952552037814,0.12667818689695282,0.9620109925638539,0.9290333010022632,0.13670124513498147,0.018015776239635635
Megf11,0.23902710081787706,0.2607297004197116,0.40017782088587134,0.16238279987067572,1.0816132887806378,0.280211199083376,0.829938570966699,0.8887811186550275,0.433117150106199,0.10557761086079497
Meis1,0.1332878145530375,0.10714200774181214,0.34044616876818623,0.2545263498221791,0.7211478125726156,0.36837184969359255,0.819835111542192,0.8083575816359522,0.32903932153333343,0.03870880082846835
Meis2,0.24781745229990337,0.1890816304946381,0.12738441642418363,0.1471063692208212,0.31581330097926663,0.34644894988842745,0.9352570320077594,0.9096346589072098,0.259863978507896,0.09175393727876305
Meox2,0.006754152929341242,0.014529792302710447,0.009456838021338506,0.00848690591658584,0.016318586320037458,0.008899844396922594,0.9933721306175234,0.9917555771096024,0.08835539851239552,0.014585980575035523
Met,-0.003861571732033281,-0.004252997268059655,0.004688005172971225,0.005092143549951503,0.007090858042351088,0.005389524325601894,0.9963627546071775,0.9950695118008406,0.04636689847660904,0.010275105914871272
Mfge8,0.245028942444898,0.22574904509438135,0.6868735855156806,0.3514387326220498,2.7617966594154333,1.046390590895856,0.7676204332363401,0.8187843517620433,0.3271505977926157,0.06805978398340504
Mirt1,0.038691118560121564,0.04944219958009147,0.01826705463950857,0.015195602974458454,0.035553802590645896,0.016419594781834253,0.9882799870675719,0.98545101842871,0.07811940702215692,0.004672498071581793
Mkx,0.13058054204331035,0.10952372389642787,0.06943097316521177,0.05868089233753637,0.14850944019164916,0.08045567993555473,0.9597478176527643,0.951907533139347,0.13881026800496532,0.02683576044290904
Mme,0.07560518627126044,0.05235652752931462,0.015518913676042677,0.029987067571936633,0.029827058565648226,0.044930067727993434,0.9900581959262852,0.9750242483026188,0.1308192714082726,0.04014361485489314
Mmel1,-0.0021971678982602282,0.00244475946226796,0.012447462010992564,0.016488845780795344,0.022476809800380467,0.01751020655194583,0.9915939217588102,0.984157775622373,0.042150761161428706,0.006136800506226569
Mog,0.4822374005393546,0.6956158262449216,2.1130779178790817,1.7677820885871323,20.634238926033557,15.02310361627123,0.703443258971872,0.7103944390559328,0.5856599253889712,0.20768510185418618
Moxd1,0.0608089909441388,0.05013798298149175,0.015438086000646622,0.013094083414161009,0.032011907983662824,0.01502414795400286,0.9905431619786615,0.9877950210151956,0.29576673652465935,0.020118781123727704
Mpped2,0.14007345621415845,0.117434138167573,0.11978661493695442,0.13150662786938247,0.25577725805556367,0.2042546650869892,0.9316197866149369,0.8971871968962173,0.24932532840884142,0.06469098110552315
Mrap2,0.30065533236790865,0.358779116743,0.13465890720982865,0.1648076301325574,0.39926109445428587,0.625198613171731,0.9399450371807306,0.9216779825412221,0.365892771583606,0.14329331068159123
Mrpl16,0.014466358030329484,0.01814412711600935,0.11800840607824119,0.15397672162948595,0.23437663491155575,0.1842607779902964,0.9288716456514711,0.8697057872615583,0.19421991907648523,0.017195566138874813
Mybpc1,0.46769016503890004,0.2824693305396558,0.22510507597801488,0.13126414484319432,1.1107405725348551,0.43572801719772863,0.9308115098609764,0.9329938570966699,0.2665997206331081,0.1297751082316133
Myl4,-0.0029948809026065703,-0.0033239724007274843,0.021419333979954738,0.023440025864856127,0.042784018468744904,0.024992110612613885,0.9866634335596508,0.9776107339152926,0.09359671003088639,0.0023684347191740046
Mylk,0.24045277045053565,0.21707316221279574,0.21184933721306176,0.12479793081150986,0.9419449472328293,0.4904067244446734,0.9349337213061752,0.9431781441965729,0.3622129045397882,0.20298982454048553
Myo3b,-0.003652613576546469,-0.003990833094103312,0.006870352408664727,0.0031522793404461687,0.011187845137832485,0.0031423424754067194,0.9949886841254445,0.9968477206595538,0.05965616398332468,-0.003013594962023993
Myo5b,0.1721802174351755,0.16607361967489473,0.054558680892337535,0.028289686388619464,0.1624776018750139,0.06499342141641433,0.9759133527319754,0.9812479793081151,0.14814804539097448,0.05492642567961308
Nbl1,0.22269741199133375,0.1736901155998471,0.37552537989007434,0.18170061429033302,1.1619228164428317,0.4390185110797289,0.8466698997736825,0.8899127061105723,0.4444126900811913,0.11613226566623056
Ndnf,0.13429535487492608,0.11504619526075088,0.10248949240219851,0.11639185257032007,0.27093786967620537,0.3690911519803545,0.9502101519560298,0.9328322017458778,0.10757055209993678,0.01855561885267949
Ndst4,0.2259823496258714,0.14368349426716048,0.024571613320400906,0.044051083090850304,0.05274250158022942,0.08446428707693233,0.985531846104106,0.9673456191399935,0.039347112750348204,0.0527881644913215
Necab1,0.3792299823881374,0.23572666537945813,0.061105722599418044,0.10830908503071451,0.15565826654662462,0.48649093324105985,0.9692854833494988,0.9485935984481086,0.3079562334467827,0.18054722357344155
Nefh,0.4465291471468402,0.38373244237834214,2.524814096346589,1.8397187196896216,43.068168612384554,34.01593616401661,0.5956191399935338,0.6201907533139347,0.23894026982509697,0.2070781469945021
Nek10,0.07818367008546732,0.08494891038056855,0.018347882314904623,0.00994180407371484,0.03740987962451638,0.011136207411811002,0.9886032977691561,0.9907048173294536,0.358487704313199,0.04406190619502706
Nell1,0.32911309677947115,0.2965716095318036,0.12237310054962819,0.11655350792111219,0.42634393192433423,0.477685890848857,0.9528774652440996,0.9494018752020692,0.16261770318687657,0.08255211751051568
Neurod2,0.4037875750193816,0.45052698668063823,0.5240866472680246,0.34149692854833497,1.570790670798103,0.7746666243844827,0.7971225347559004,0.8151471063692208,0.530467767909575,0.2010886491856362
Neurod6,0.057969628561198666,0.056174159663093574,0.015761396702230843,0.02101519560297446,0.03103188875226843,0.032859363816931504,0.989896540575493,0.9831878435176205,0.1287121792511706,0.032760438868287396
Nfam1,0.36660141993036516,0.36779118629718005,0.06668283220174588,0.0382314904623343,0.19010561456785968,0.07524381708785695,0.9695279663756871,0.9744584545748465,0.012296014207329894,-0.004974763035443942
Nfatc1,0.11175821807548544,0.11014248286539537,0.08591981894600711,0.027481409634658907,0.18312861562078844,0.03076756552895974,0.9502909796314258,0.9745392822502424,0.10244152555568369,0.006006324831331981
Nfia,0.01769626829414337,0.01888349736066759,0.13304235370190753,0.13958939540898804,0.2656815620600275,0.1606796891471366,0.9203847397348852,0.8786776592305205,0.221163742373146,0.0002665077270095319
Nfib,0.0385301004321716,0.047201225495281614,0.33058519236986744,0.29364694471387004,0.6626177306181088,0.38249116148191026,0.8177335919818945,0.7740866472680246,0.3378560439867272,0.035296885781755605
Nfix,0.25875812334569204,0.261001301321964,2.004122211445199,1.7432913029421273,5.714257174847744,4.3599008388411935,0.4013902360168122,0.37099903006789525,0.431121227727581,0.05862480831070561
Nfkbib,0.016377290753071247,0.012449621409711861,0.10927901713546719,0.04768832848367281,0.21890193734504107,0.05155705514020735,0.9342062722276108,0.9553022955059812,0.13367397143229873,0.0071517767551496705
Ngb,0.2828489598134309,0.2869068213413434,0.07985774329130295,0.07508891044293566,0.21121084300260204,0.1866506952958022,0.9613643711606854,0.953604914322664,0.5291528711227002,0.1691560890889384
Ngf,0.018968733112955934,0.01880795300905936,0.01050759780148723,0.01139670223084384,0.019126577132703416,0.011751783461477785,0.9930488199159392,0.9887649531199483,0.06541580533464467,0.011795621866322532
Nhlh2,0.02467419571990222,0.042637380522833924,0.01600387972841901,0.024975751697381185,0.030296737133347316,0.029039968697499443,0.9895732298739088,0.9771257678629163,0.10032772589537811,0.052684192256436536
Nkd1,0.0504519713412237,0.04536864029105429,0.1411251212415131,0.05965082444228904,0.29466501279601665,0.07031827445536658,0.9188490139023602,0.946249595861623,0.2602527291346507,0.017665202068788813
Nkx2-1,-0.002670471208260549,-0.0028704935963618163,0.0032331070158422245,0.0030714516650501133,0.004515896841203225,0.003062017849720496,0.9973326867119302,0.9969285483349499,0.0691731092696197,-0.0029457867142310403
Nkx2-2,0.09005343930671893,0.07609744659748881,0.06563207242159716,0.04987067571936631,0.13568596485561454,0.064842369308217,0.9607985774329131,0.9565147106369221,0.13330235762088016,0.024491159041463154
Nkx2-4,-0.006497473369562946,-0.007484144113607068,0.010184287099903006,0.008729388942774006,0.019133267040527986,0.009784774167003026,0.9933721306175234,0.9916747494342063,0.10805726851188141,0.010098015650453923
Nkx6-1,0.14531624381752872,0.10445182316907607,0.04227287423213708,0.042111218881344975,0.10239987768966963,0.08123666787605671,0.9776107339152926,0.9692854833494988,0.31128008401685,0.09797818501595211
Nmur2,0.007627046491032782,0.01228911405163881,0.012770772712576785,0.008891044293566117,0.02618672954343783,0.010913513185234626,0.9920788878111866,0.9919172324603944,0.0985057369177168,0.017147642730406868
Nox4,-0.005708011675082579,-0.0071436512494721036,0.009133527319754284,0.00937601034594245,0.0164862521348907,0.013652795247321336,0.9937762689945037,0.9919172324603944,0.05150048088145372,-0.002584637136342225
Npas1,0.08024430193168752,0.049810048460436095,0.032654380860006466,0.020691884901390237,0.0977051107446296,0.056312874027233256,0.9847235693501455,0.9848043970255416,0.05017721173205469,0.021870677490982416
Npas3,0.07443712393386512,0.07497945912868514,0.14072098286453283,0.13861946330423536,0.2980928523143266,0.19085577274761154,0.9199806013579049,0.8894277400581959,0.19572308988520942,0.03285774666913728
Npas4,0.10712080189033837,0.10797616777719934,0.04372777238926608,0.027885548011639186,0.09354536656461424,0.033250847553842305,0.9745392822502424,0.9746201099256385,0.12199594314670265,0.020629080512819448
Npbwr1,0.009125693176480563,0.0030398492003706344,0.01568056902683479,0.013498221791141287,0.030791947107080025,0.014447607255161565,0.9900581959262852,0.9870675719366311,0.06902051792561682,0.005356532665176286
Npffr2,0.028992938945859897,0.04095957291253274,0.012609117361784675,0.010911736178467508,0.02619083233847087,0.015803986066604235,0.9922405431619786,0.99118978338183,0.2645709485011759,0.11476487344867975
Npnt,0.013551872459907039,0.029746313585461752,0.01899450371807307,0.0172971225347559,0.03851732069400685,0.022494214013711652,0.9882799870675719,0.9850468800517297,0.16198863003201702,0.04685243680999583
Npr3,0.07178313598041161,0.042954192194946304,0.0158422243776269,0.00994180407371484,0.03159512803281483,0.013076071621321619,0.9901390236016813,0.9911089557064339,0.23376891379761303,0.009508585280990864
Npsr1,-0.0038987357504731797,-0.004415454797623639,0.005496281926931782,0.005092143549951503,0.008537524476961577,0.006036145728773311,0.9958777885548011,0.9953119948270288,0.0613892783025532,-0.004295775333871035
Nptx2,0.06940500501005183,0.09180120112496336,0.02481409634658907,0.015195602974458454,0.05879260203860308,0.02563394977699247,0.9864209505334627,0.9884416424183641,0.09561684441083308,0.011018012948334953
Npy1r,0.17270020972192557,0.12009573481675555,0.031926931781441965,0.03734238603297769,0.07067481910332446,0.06811734704599015,0.9817329453604914,0.9716294859359845,0.23881395830887642,0.06215781823116499
Npy2r,0.10574684663323453,0.06234064691831368,0.01988360814742968,0.02222761073391529,0.04502979569962272,0.04598184667378081,0.9887649531199483,0.9847235693501455,0.2696123407483989,0.024072967689788432
Nr2e1,-0.0061159647494039475,-0.0067321352649201745,0.006708697057872616,0.00921435499515034,0.01119004026383742,0.009129450657175188,0.9951503394762367,0.9907856450048497,0.08382769379988761,-0.000351363806808667
Nr2f1,0.18740681422898298,0.17890620653876757,0.47243776268994503,0.27618816682832203,1.073035990711063,0.5013954925593729,0.7749757516973812,0.815470417070805,0.40348647238482577,0.07186309213307772
Nr2f2,0.19067691096746786,0.16547550357300442,0.0635305528612997,0.09020368574199807,0.14177699526762189,0.1670976953372593,0.9644358228257355,0.938894277400582,0.28237595254683756,0.06966279131596721
Nr4a2,0.30217442487224083,0.14825798240841653,0.07767539605560944,0.07258325250565793,0.22860927452235363,0.2976737988402008,0.9628192693178145,0.9589395408988037,0.3338114848477763,0.2072731105641512
Nr4a3,0.04628999510312237,0.05497749389476758,0.020530229550598123,0.0187520206918849,0.04112393482817234,0.0303628783704763,0.9872292272874232,0.984157775622373,0.15375472964625983,0.06872415834967373
Nr5a1,-0.0018104326065777312,-0.0019437914632570497,0.0030714516650501133,0.001454898157129001,0.004193605305264152,0.0014527814284817477,0.9974135143873262,0.998545101842871,0.013821986809988848,-0.0016189088554314107
Nr5a2,0.00978114038657592,0.008336285799235385,0.015114775299062399,0.009618493372130617,0.02927364508721915,0.011304186816097775,0.9903815066278694,0.9911089557064339,0.15104520141557193,0.0025755783275748117
Ntf3,0.05408848739438841,0.0722698910140051,0.03839314581312642,0.03281603621079858,0.08056605688156845,0.04305501853366218,0.9772065955383124,0.9718719689621726,0.20764651671206438,0.04437011945074132
Ntn1,0.46317290112218046,0.4127928106000389,0.6935014548981572,0.33470740381506625,3.5958420236803916,1.004766944779041,0.8073876495311995,0.8440834141610087,0.5082909937755262,0.20346781505502415
Ntng1,0.20812030461569292,0.13308067906296597,0.05754930488199159,0.088667959909473,0.12714394559683334,0.20123918913504174,0.9673456191399935,0.9451180084060783,0.24682606954257827,0.11846450013207735
Ntrk3,0.43405447450631557,0.45947167620269475,1.54938570966699,0.8529744584545749,7.1757860759289915,2.567536416095181,0.5948108632395732,0.6479954736501778,0.459237316497081,0.16080094559289568
Nts,0.061729363895689206,0.07783796283539696,0.02537989007436146,0.02505657937277724,0.05254047159041792,0.04997029262804628,0.9847235693501455,0.9805205302295505,0.11788238180859319,0.03319792161845088
Ntsr1,0.029747535773105422,0.015580211869706989,0.017782088587132233,0.021096023278370513,0.036379561955288624,0.030996923530908806,0.9890882638215325,0.9822987390882638,0.07276720957886515,0.005369908908824344
Ntsr2,0.5790228327045445,0.43727671509610766,0.9304073714839961,0.728257355318461,5.482466921019053,3.6516651494173242,0.7436954413191077,0.7509699321047527,0.16828786325307907,0.09584553230947385
Nudt14,0.021950955461386378,0.017077101772436747,0.07306821855803428,0.05577109602327837,0.1472636865845083,0.06025848235885043,0.9556256062075654,0.9479469770449402,0.14247913738682394,0.009352908446946303
Nwd2,0.08993608935041075,0.06679196296360197,0.015276430649854511,0.02222761073391529,0.028137144730615706,0.02722982598190099,0.989734885224701,0.9802780472033624,0.10979112116952036,0.012715459552542784
Nxph1,0.1838633928524985,0.17619003734954697,0.13926608470740381,0.2316521176850954,0.3657488309124752,0.8386748327441371,0.9338829615260265,0.8978338182993857,0.21408006867308252,0.08818127930675486
Nxph2,-0.0016422811756959801,-0.0036707315945433516,0.01212415130940834,0.016084707403815065,0.022808064767506367,0.018089164502643622,0.9920788878111866,0.9847235693501455,0.03901982958039511,-0.0014505457092848259
Nxph3,0.16216354764961624,0.1139858426419664,0.084303265438086,0.06167151632719043,0.19488132025121854,0.09618045853879126,0.9536857419980601,0.9510184287099903,0.18111154963634032,0.050820308887047895
Nxph4,0.4054857178949332,0.33721445201996963,0.21330423537019075,0.16650501131587456,1.1031433982264847,0.7377141672067737,0.9342870999030067,0.9313773035887488,0.4734136179552882,0.1850181244578737
Olig3,0.008140866346710693,0.014183463019574412,0.004203039120594891,0.006223731005496282,0.006448548493835197,0.006993272931825829,0.9967668929841578,0.994099579696088,0.037013772943634365,0.003984828597723245
Onecut2,0.060179343863580655,0.0650030395830653,0.009295182670546395,0.013740704817329454,0.017776515841649465,0.015653417408751685,0.9938570966698997,0.9873100549628193,0.06567261561093002,0.0021217200359041253
Onecut3,0.14172367692748106,0.14848967047576084,0.017782088587132233,0.04049466537342386,0.03864273686637818,0.09834401654117436,0.9895732298739088,0.9737310054962819,0.0977516005894698,0.03512245233778843
Oprd1,0.23116274562922562,0.1352516042096627,0.05666020045263498,0.04227287423213708,0.14543171673801347,0.06942218612806064,0.9701745877788555,0.9669414807630132,0.10845048632099573,0.036967234047141716
Oprk1,0.04368111314956088,0.06763577467626553,0.012043323634012285,0.01640801810539929,0.0230525011945144,0.023413285832891376,0.9921597154865827,0.9860976398318785,0.057778194692828085,0.03710553482486562
Oprm1,0.17956802463556007,0.1573662478485868,0.05358874878758487,0.0533462657613967,0.12216865984107918,0.12146714068844153,0.9703362431296476,0.9628192693178145,0.22280833896826027,0.0709719212054299
Osbpl3,0.044724510947943025,0.058899100956082424,0.04962819269317814,0.03726155835758164,0.10164308840012841,0.0442792128675275,0.9700937601034594,0.9660523763336566,0.24023698634071713,0.016955018441228042
Osr1,0.24150467786767696,0.14611876780731078,0.028855480116391854,0.01770126091173618,0.07571116986731719,0.034038427405434626,0.98545101842871,0.9875525379890074,0.47723032556782796,0.10713965596704605
Otof,0.3748130273444795,0.29509323995263553,0.1327190430003233,0.04793081150986098,0.9175618599574418,0.20502562469883798,0.9683963789201423,0.9779340446168768,0.372891389732952,0.10049827827254905
Otp,0.0062163906776555025,0.021982417323434235,0.01753960556094407,0.018509537665696733,0.03824716340068503,0.039343785634843934,0.9896540575493049,0.9861784675072744,0.13290493430389508,0.019286410478376582
Otx1,-0.0044800322853955805,-0.005405971136753466,0.00662786938247656,0.006547041707080504,0.011110290552104506,0.008444042161470799,0.9952311671516327,0.9939379243452958,0.04098112914646442,0.015339663705735673
Otx2,0.02262543478740893,0.009344026013461319,0.02465244099579696,0.02578402845134174,0.04845465611835451,0.027059076537662832,0.9843194309731652,0.975185903653411,0.19646940628353435,0.019418405932001004
Ovol2,0.015828397012469485,0.02227638193810068,0.0031522793404461687,0.0040413837698027805,0.004597240632534967,0.00402505098702845,0.9974943420627223,0.9959586162301972,0.000750337865204379,-0.004057782827461446
Oxtr,0.15213548203951702,0.07567059559018825,0.010750080827675396,0.011800840607824119,0.02259701254849008,0.01942103760678856,0.9933721306175234,0.9907048173294536,0.14411654417390787,0.0283422836462063
P2ry1,0.11859861459869778,0.11138239501893372,0.07694794697704493,0.07339152925961849,0.16591865134803213,0.11100553600319049,0.9557064338829615,0.9422082120918203,0.15849317382827238,0.04519574506423251
P3h2,0.06924665637763545,0.0828974583847926,0.05577109602327837,0.031037827352085354,0.11942434074878257,0.0352474518506921,0.9675881021661817,0.9711445198836082,0.10686645603039478,0.00833147983392756
Padi2,0.3026343947773954,0.39541655389238306,0.6172809569996767,0.5320885871322341,2.8620130400415027,2.3139557735942495,0.8148237956676366,0.7926770126091174,0.6582622327319485,0.13859643935763377
Pafah1b3,0.13487093470337536,0.11723106591338792,0.1174426123504688,0.08616230197219528,0.2475231073597453,0.11769729923189554,0.9323472356935014,0.9288716456514711,0.2560900987830075,0.07099469900923744
Palld,0.05235642484069595,0.05915964516987255,0.09489169091496928,0.05221467830585192,0.2124633975804903,0.07858626881786235,0.9474620109925639,0.9569996766892984,0.25732313389415884,0.04833788292589354
Pamr1,0.06038318960966713,0.06796037239136203,0.038554801163918524,0.027158098933074686,0.08540327835797049,0.037089789747674656,0.9780148722922729,0.9764791464597479,0.20275939230909615,0.05010462904250336
Pappa,0.07669562896514948,0.04210108120942717,0.018105399288716458,0.01883284836728096,0.03685292519878172,0.03044066814826988,0.9889266084707404,0.983996120271581,0.2192875282339985,0.00445596895022401
Pappa2,-0.003034369598774757,-0.004301520585042945,0.0059004203039120596,0.004930488199159392,0.009422023061575689,0.009755839009038963,0.995635305528613,0.9957969608794051,0.030838640636910768,-0.0025190446247033396
Parm1,0.3314551242094047,0.3357528027496043,0.5627222761073392,0.4242644681538959,2.108173901854244,1.3653439869593686,0.7894439055932752,0.7876656967345619,0.4123979692793487,0.1154414193341717
Pax2,0.3973324290881881,0.2304392449295117,0.16488845780795344,0.12358551568056902,0.5869404741409454,0.4097993652216348,0.9275784028451342,0.9257193663110249,0.11344079357388853,0.02990836075091232
Pax3,0.3248725305862355,0.2984792010672063,0.07710960232783705,0.06458131264144844,0.1736532039588784,0.10486578816677208,0.9574038150662787,0.9512609117361784,0.29206208859814126,0.05123973297411537
Pax5,-0.003215147100936128,-0.004259784197266275,0.006951180084060782,0.004768832848367281,0.014823973368313188,0.0071709213435184075,0.995635305528613,0.9958777885548011,0.025189668049328276,0.0026614991552971973
Pax6,0.2849705283135477,0.28264867156183565,0.3035079211121888,0.2074038150662787,0.7537445648418793,0.3931297939331648,0.8566925315227935,0.8652602651147753,0.42307790417613583,0.15359160378944037
Pax7,-0.0038590139393856232,-0.004178245112577683,0.005253798900743615,0.0042838667959909475,0.007974337461320051,0.00426551528126499,0.9959586162301972,0.9957161332040091,0.03724224829859892,0.0017570138881436857
Pax8,0.3952447916514296,0.3300568965059631,0.03685741998060136,0.038554801163918524,0.10177764439774051,0.10496357580374252,0.9823795667636599,0.9783381829938571,0.10404669544438194,0.04691435135265835
Pbx3,0.13917193809963468,0.12305199503550548,0.15817976075008083,0.17159715486582605,0.3473522638386754,0.28230676044442726,0.9128677659230521,0.8747979308115099,0.2548401225261701,0.050935786836962885
Pcdh18,0.04361982542204688,0.060895521220619586,0.054235370190753314,0.04768832848367281,0.12565535617539642,0.07968508617806483,0.9704978984804397,0.9639508567733592,0.23477109940512075,0.012219426659710838
Pcdh20,-0.008912251523444124,-0.01021076845345519,0.011315874555447785,0.014306498545101843,0.021210457287604047,0.015556720801608135,0.9924830261881669,0.9864209505334627,0.055622976349468466,0.0093082889336518
Pcdh8,0.1803150359989222,0.1473928643384008,0.08292919495635305,0.04809246686065309,0.21362064710433093,0.08166706936774197,0.9588587132234077,0.9636275460717749,0.14036486479046423,0.08598894405387761
Pcp4l1,0.39555087386259197,0.37363920396043077,1.1798415777562237,0.8302618816682832,5.308992280107695,3.6182953404056057,0.6491270611057226,0.6842870999030067,0.38049081559684655,0.17932374054500436
Pcsk5,0.056821645533021464,0.04560673293342716,0.026834788231490464,0.021985127707727127,0.054081058059096764,0.02667475309275794,0.9834303265438086,0.9802780472033624,0.21090960223197014,0.027365119049472756
Pcsk6,0.13552066628266302,0.15047236087994123,0.46475913352731973,0.1260103459424507,1.0885576286952723,0.18061347160328267,0.7841092790171355,0.8995311994827029,0.2882536703829295,0.029586663836102364
Pde11a,0.2631785999982664,0.1345082837932174,0.0438894277400582,0.026430649854510185,0.13879470099718302,0.068570738562701,0.9813288069835111,0.9825412221144519,0.2741563195478764,0.11953696094895983
Pde1a,0.09090423392076522,0.03569290992939213,0.019964435822825737,0.030714516650501133,0.041066018780452795,0.05288785028066806,0.9877950210151956,0.9759133527319754,0.1765676974564812,0.022988170660581227
Pde3a,0.050453650536141904,0.06588268965267761,0.0640963465890721,0.05253798900743615,0.1443720980564877,0.07822909045788656,0.9643549951503395,0.957807953443259,0.21856700929153663,0.08580633566516019
Pde5a,0.0054841081232246324,0.0005064584837476565,0.01713546718396379,0.03136113805366958,0.03333068872914644,0.03603555435136647,0.9890074361461364,0.9713870029097963,0.12672670812650566,0.026550603184926004
Pdgfc,0.06118972341329714,0.04168321034645466,0.04623343032654381,0.03507921112188814,0.09420905899233892,0.040799840153002205,0.9718719689621726,0.9679114128677659,0.28673956420513225,0.03831979415063965
Pdgfd,0.019909605396827398,0.03568400171512094,0.043970255415454254,0.034109279017135466,0.08907857913465834,0.038603773379793094,0.9731652117685096,0.9685580342709343,0.11382045846547974,0.009829794627576154
Pdlim1,0.10899706196682508,0.11074700347488625,0.09610410604591012,0.08115098609763984,0.20568478967922835,0.1096447146749043,0.9449563530552861,0.9337213061752344,0.40146195541759255,0.05111259939668694
Pdlim3,0.03434741235282556,0.03249218105706545,0.01956029744584546,0.011720012932428064,0.04083950921581841,0.014007484491177431,0.9881991593921758,0.9893307468477207,0.22055126017230411,0.053036235517250785
Pdyn,0.2826152354943178,0.11341249861512755,0.0921435499515034,0.08010022631749111,0.7165338145049536,1.60245883250326,0.9790656320724216,0.9798739088263821,0.2431347105378705,0.07514634919640702
Pdzrn3,0.14911957025695677,0.12181694166345425,0.081393469123828,0.06239896540575493,0.200536435224079,0.1259156158024075,0.9582929194956353,0.9546556741028128,0.3298125654298176,0.05153262318880703
Penk,0.294910622401506,0.28328546197697496,1.2295505981247978,1.4466537342386032,26.3786029988139,49.12300286653808,0.787827352085354,0.7553346265761397,0.18047788670073137,0.07803531871253078
Per2,0.08307779742139598,0.088876596846497,0.5604591011962496,0.19899773682508892,1.1787727604514393,0.27401128127512236,0.7261558357581636,0.8440834141610087,0.21746991674273264,0.02171069946670108
Pgm5,0.06684512115314183,0.061028652089076915,0.07694794697704493,0.058842547688328486,0.16220057827981357,0.0746170890141343,0.9551406401551892,0.949078564500485,0.21178045789302177,0.031059034843005515
Pgr15l,-0.003689887870637382,-0.004016010932363941,0.003556417717426447,0.0056579372777238925,0.004998667767574624,0.005949235725068573,0.997090203685742,0.9945037180730683,0.04592172812913138,0.001553140616512276
Phox2b,0.437394641219722,0.4604323448536725,0.08745554477853217,0.12051406401551891,0.36044076144112747,0.7537434150140434,0.9696087940510831,0.960879405108309,0.6168199563332872,0.2890934351161619
Piezo2,0.10426414434608311,0.0813535211312708,0.02335919818946007,0.02101519560297446,0.050941577087232945,0.030596188905849902,0.9863401228580666,0.9828645328160363,0.26121911589047436,0.03702814798618743
Pif1,-0.004943710191357639,-0.005400252068329536,0.007032007759456838,0.005577109602327837,0.01134725309771478,0.005546005450812515,0.9948270287746525,0.9944228903976722,0.026500633606285597,0.001868284747327668
Pifo,-0.00345154636883566,-0.0037706969852628917,0.004688005172971225,0.0040413837698027805,0.0069292026915589765,0.00434836168861471,0.9963627546071775,0.9961202715809894,0.061048422884078676,-0.0008333483576422485
Pim1,0.02142716168740019,0.023603894838261343,0.06781441965729065,0.0662786938247656,0.13660715340345403,0.07255508172192497,0.9587778855480117,0.9387326220497898,0.15620120896432169,0.002013132423485787
Pirt,0.23927530972026326,0.17188367971966154,0.0172971225347559,0.015195602974458454,0.04738913803569046,0.026927192583329315,0.991270611057226,0.9886841254445522,0.2514754801376857,0.11463796358470853
Pitx2,0.024064553408472925,0.02024946085372204,0.009537665696734561,0.01697381183317168,0.0167211894154369,0.01684735689582019,0.9933721306175234,0.9831070158422244,0.04771672477805069,-0.003073565475552197
Pkp2,0.07453697266102763,0.11176189323489263,0.03847397348852247,0.020368574199806012,0.08840012840441833,0.02852142897684528,0.9787423213708374,0.9822987390882638,0.15400225022552186,0.020838487179069404
Pla2g5,0.30278906005398337,0.2047641267346617,0.04526349822179114,0.030229550598124797,0.11498968970221442,0.05000760977017115,0.976721629485936,0.9764791464597479,0.18246666563647432,0.07501476694354968
Pla2g7,0.3997372804840804,0.31833281922429835,0.8732622049789848,0.7916262528289686,3.2126798526840483,3.099968677643064,0.6913999353378597,0.6897025541545425,0.3771142573427441,0.09424944951361035
Plagl1,0.06417902887904664,0.0796689598056161,0.15809893307468478,0.12843517620433237,0.34422554856982834,0.20085002465338075,0.9127061105722599,0.9029259618493373,0.27902916262411,0.04639507243188853
Plce1,0.10416150992031965,0.10148310503478727,0.13579049466537343,0.07864532816036211,0.2906459722730499,0.09476867892820863,0.9232945360491432,0.931700614290333,0.18203274365696864,0.01728523225849889
Plch1,0.22271337701832894,0.2462775268693069,0.13126414484319432,0.08737471710313612,0.31868954322459203,0.1594364638547581,0.933236340122858,0.9372777238926608,0.3154478283359175,0.07521820312762081
Plcxd3,0.2255206022060905,0.1876374440726702,0.27028774652440996,0.19107662463627545,0.6183444694166159,0.32721426279977317,0.8613805366957646,0.8659877141933398,0.3324714357716614,0.07122180501570487
Pld5,0.1811949468381596,0.1666371051383909,0.1549466537342386,0.17151632719043,0.33607882838598974,0.28451684074530537,0.914161008729389,0.8760911736178467,0.3827727244531004,0.0599399194298782
Plekha2,0.04123944296406896,0.05805632190218534,0.07484642741674749,0.06344972518590365,0.15168866862367378,0.08011574246113831,0.9548173294536049,0.9450371807306822,0.2321219511369295,0.020961192262447147
Plekhd1,0.2967701196431256,0.3131965390142135,0.48528936307791787,0.1298092466860653,1.9893568270352555,0.234846940658042,0.8372938894277401,0.9108470740381507,0.29400592374712786,0.074054791663026
Plpp4,0.07416088728652806,0.10179340300369283,0.06926931781441965,0.07258325250565793,0.15047172604534775,0.1209845004243726,0.9603136113805367,0.9450371807306822,0.11781466928080159,0.039095665309111634
Plscr4,0.06291971966985471,0.069658064257589,0.029987067571936633,0.05302295505981248,0.05899408324691332,0.06265898330756048,0.981086323957323,0.9524733268671193,0.09273045182332014,0.0129938700763068
Plscr5,0.010826708631722458,0.006627515058892149,0.00848690591658584,0.00662786938247656,0.014396126323856975,0.006583940729924332,0.9940187520206919,0.9933721306175234,0.05041289947236112,-0.0005202855120498448
Pmaip1,0.004638385812885514,0.0023678115402634156,0.010588425476883285,0.00921435499515034,0.019529010367162,0.009776072060344724,0.9929679922405431,0.9911089557064339,0.060320003835967945,-0.0006074627703510653
Pmfbp1,0.1230991925819356,0.09959310930106172,0.02392499191723246,0.0202069188490139,0.07152588121504197,0.0477649749666817,0.9890882638215325,0.9872292272874232,0.14782309579802552,0.03127798783568282
Pnoc,0.06687613535164527,0.05212940046075401,0.020126091173617848,0.016650501131587454,0.044777611000466296,0.03738845754663338,0.9884416424183641,0.988360814742968,0.06414683393382013,0.01600477798380463
Popdc3,-0.003946251387299468,-0.004520745728713626,0.005496281926931782,0.0054154542515357255,0.009184145880130024,0.006194403860743909,0.9959586162301972,0.9949886841254445,0.0377810531347776,0.006174623347447524
Pou3f1,0.09576902480906345,0.10630484482234734,0.07177497575169738,0.08155512447462011,0.15197735382577537,0.12388545743655136,0.9581312641448432,0.9371968962172648,0.15368739141380408,0.04372832158544694
Pou3f2,0.1737222095459909,0.19081553451955158,0.10394439055932751,0.10927901713546719,0.2286071381943667,0.15876614685042004,0.9420465567410281,0.9153734238603298,0.13631783637365477,0.03361249006928796
Pou3f3,0.2925007034391233,0.35953665705002363,1.2308438409311349,1.1878435176204332,3.5954340438329035,3.1826262257550355,0.5805043646944714,0.5345134173941157,0.43489989411782143,0.1345070716935448
Pou4f1,0.03454087247531321,0.04602050804797195,0.02158098933074685,0.030391205948916908,0.04277706723639594,0.061313684655979826,0.9865826058842547,0.9785806660200452,0.06837887811824521,0.07503148975140272
Pou4f2,0.010891715244529901,0.005964291776081741,0.011558357581635953,0.015114775299062399,0.021770704402346103,0.02038260079366392,0.9924021985127708,0.9865017782088588,0.0689041079858359,0.03606659121530101
Pou6f2,0.05445821913257418,0.06429470612792151,0.010750080827675396,0.009618493372130617,0.0229203232500743,0.018093711549375724,0.9934529582929195,0.9928063368897511,0.0594329136371219,0.04358174170257934
Pparg,0.02113249704270214,0.02855231551203205,0.020691884901390237,0.0180245716133204,0.04063230500042386,0.019639550640979248,0.986825088910443,0.9829453604914322,0.29137317829249476,0.010097450064950464
Ppif,0.037809446371539955,0.04655463146961741,0.13433559650824442,0.04380860006466214,0.27939979296825873,0.04803230995513852,0.9222437762689945,0.9589395408988037,0.2247442146364106,0.01220552986081767
Ppp1r17,0.08860334860991934,0.08953015716015722,0.10345942450695118,0.06441965729065632,0.24050856261163128,0.12040555553991682,0.944794697704494,0.9516650501131587,0.31583903083821274,0.09881832614274669
Ppp1r1b,0.09852819768155732,0.08863781978276265,0.31361138053669574,0.1521985127707727,0.7063682382409973,0.22085436473112882,0.8409311348205626,0.8809408341416101,0.41253391686594737,0.0368178537504149
Prdm12,-0.0052606054116086124,-0.005762696662789558,0.00864856126737795,0.0054154542515357255,0.01471666698548259,0.005386127106785504,0.9939379243452958,0.9945845457484642,0.04118502530600546,-0.0003208257776538006
Prdm13,0.013142545161766326,0.01280217214406613,0.009456838021338506,0.017620433236340122,0.0169652077232059,0.019249817778406553,0.9934529582929195,0.9831070158422244,0.1274555674804578,0.019450534532505687
Prdm16,0.011785583983937437,0.019982116462621165,0.03976721629485936,0.03225024248302619,0.08328762767401628,0.03735306767289937,0.9763174911089557,0.9705787261558357,0.233430724908219,0.014723658019011135
Prdm8,0.4401857986301328,0.46949349498610454,0.4185257032007759,0.25484966052376334,1.8503777811854496,0.8701470271878351,0.8640478499838344,0.8874070481732945,0.4957162790822014,0.20476162599846395
Prkcd,0.49654111083205094,0.4574157688846972,0.7579211121888134,0.32290656320724215,4.194145953039564,1.0458283446478736,0.7903330100226318,0.850387972841901,0.4115326942596197,0.1915833282645749
Prkcq,0.08601794286059422,0.1066462359938628,0.1252828968638862,0.10636922082120918,0.2749605164776089,0.17006289245061376,0.9306498545101843,0.9201422567086971,0.1806750468527103,0.050750661367539376
Prkd1,0.029806995770412674,0.03660483436964652,0.04453604914322664,0.060782411897833816,0.09040257330440364,0.07082861511903221,0.9727610733915293,0.9455221467830586,0.14016615604081176,0.028183359959477856
Prkg2,0.1048469316654187,0.09867981029537595,0.03871645651471064,0.01713546718396379,0.08167271397748574,0.02346971233082502,0.9769641125121241,0.9853701907533139,0.09532163480730857,0.023998095250815418
Prlr,0.09052578846957092,0.07188816063051226,0.01252828968638862,0.01252828968638862,0.025142104356499332,0.018352579623218405,0.9920788878111866,0.9895732298739088,0.10737358007417162,0.02625034574356868
Prom1,0.10136977270719237,0.12145703443290286,0.08745554477853217,0.07274490785645005,0.1929658180205002,0.10948347744335239,0.9509376010345942,0.9432589718719689,0.1211705507769359,0.019449417122565656
Prox1,0.12357813376248261,0.1603282121692803,0.15438086000646623,0.27222761073391527,0.33746625908403244,0.5225620277277918,0.9148884578079535,0.8288878111865503,0.39245755568606666,0.08818291578881268
Prph,0.4820260943354504,0.24164585071551312,0.21532492725509214,0.20417070805043647,2.489361008227646,4.103804137689385,0.9550598124797931,0.9544940187520207,0.4778197886922507,0.3609034265233195
Prrxl1,0.41018274109722797,0.4019893445797415,0.058115098609763986,0.07080504364694472,0.16029867799059003,0.22890193839035072,0.9729227287423213,0.9637892014225671,0.29867450885814456,0.13004512462071885
Prss12,0.1860901265775931,0.10254032903093806,0.03225024248302619,0.029987067571936633,0.07550373045985069,0.056245942283464405,0.9822987390882638,0.9780148722922729,0.09221708453592206,0.073590636148051
Prss22,-0.002521801784835312,-0.0027147745247926487,0.003475590042030391,0.002667313288069835,0.005080063823811242,0.002660198727892963,0.9972518590365341,0.9973326867119302,0.060997890482564834,-0.0029310857173735594
Prss23,0.03586342889918328,0.05134098459111971,0.0360491432266408,0.03588748787584869,0.07677999370521485,0.055614771692758254,0.9787423213708374,0.9710636922082121,0.2643413104595628,0.033084718079444075
Prss35,0.12244707024541507,0.12984820102727276,0.02263174911089557,0.02117685095376657,0.045397923557141055,0.027032950618326692,0.9858551568056902,0.9811671516327191,0.07227805203394501,0.01215538750207478
Ptger3,0.020397711976425783,0.02427100730490623,0.012366634335596509,0.012770772712576785,0.02401454129863027,0.016649063846707945,0.9920788878111866,0.988360814742968,0.11282546828336601,0.000898468013283109
Ptgs2,0.036799736936606056,0.04400053877250987,0.01883284836728096,0.012932428063368898,0.039170057091046206,0.014866699928043929,0.9885224700937602,0.9880375040413838,0.1608982603242182,0.026761094841867214
Pth2,-0.003051964945545426,-0.003263932889500927,0.0036372453928225023,0.003718073068218558,0.005078913995903896,0.0038659043516689633,0.997090203685742,0.9963627546071775,0.018691528676602807,0.006968713736894827
Pth2r,0.0025260719470461975,0.01029033986889749,0.010830908503071451,0.011154219204655674,0.02041292097159622,0.012808011457305745,0.9928871645651471,0.9896540575493049,0.07374128349463699,0.0018087444069702805
Pthlh,0.06344676700095439,0.034353878031417935,0.01988360814742968,0.02150016165535079,0.040341790526651496,0.03316205601355576,0.9877141933397996,0.9816521176850954,0.17416597192665956,0.02594958703670981
Ptk2b,0.13074374629634072,0.12880206051871,0.07468477206595538,0.05552861299709021,0.17111148323723385,0.0812198385767189,0.9591011962495959,0.9554639508567734,0.12863756583451263,0.0212853463075582
Ptpn14,0.19801703545508995,0.17897364527991377,0.14961202715809893,0.09820562560620756,0.3588803861728386,0.18264469486645235,0.9236178467507274,0.9290333010022632,0.29902617070758425,0.08426982408518588
Ptprc,0.4257073980875648,0.4089120076659036,0.04841577756223731,0.05027481409634659,0.1385385506983689,0.15104502632003805,0.9773682508891044,0.9728419010669254,0.021492346713208824,0.002729392846121787
Ptpru,0.22245536213492187,0.1792762279394195,0.26778208858713226,0.10685418687358551,0.8363916861065981,0.1930762014996145,0.8843355965082444,0.9214354995150339,0.25237941627853216,0.06794757408569801
Pvalb,0.709368427029404,0.5111195498250443,1.9391367604267702,2.3331716779825413,17.943353538684235,31.903060648499675,0.609036534109279,0.5838182993857096,0.624436613429062,0.3538706130031101
Qpct,0.09905544771582096,0.1047186335787822,0.09125444552214679,0.06716779825412221,0.1959241618982781,0.08609631099669472,0.947704494018752,0.9429356611703847,0.22340959905075908,0.029959590850234582
Qrfpr,0.05169978532553348,0.06865319639032912,0.006708697057872616,0.015438086000646622,0.013938181227303309,0.04332778253913183,0.9957161332040091,0.9901390236016813,0.13468249879966604,0.09315920054811955
Rab33a,0.01814157049290699,0.03578132878355397,0.1374878758486906,0.09165858389912707,0.28832307817502234,0.11623497945831279,0.9211930164888458,0.9217588102166182,0.2482636803552785,0.01437464997660656
Rab37,0.10647631636054315,0.09491957603792482,0.13465890720982865,0.06789524733268672,0.32877936150892545,0.12956417654709398,0.9316197866149369,0.9517458777885548,0.4074167768635576,0.041262671491208866
Rab38,0.09654070191654868,0.06425501151787973,0.014064015518913677,0.012932428063368898,0.028738511259271664,0.017453185540716804,0.991270611057226,0.9886841254445522,0.08582441064810359,0.02614215655449973
Rab3b,0.09133211522117184,0.0835620733983779,0.072664080181054,0.05803427093436793,0.15580948851578016,0.08085446115984661,0.9580504364694471,0.9516650501131587,0.22612967300009537,0.054036678221172176
Rai14,0.13149211345544132,0.13394660308448422,0.08996120271580989,0.06466214031684449,0.19276375536512308,0.08812401291195504,0.9484319430973165,0.9464112512124151,0.14946064060744818,0.015149825761927577
Ramp3,0.12603418207826392,0.08808470366207094,0.06789524733268672,0.06862269641125121,0.1585004843388735,0.2663061211403442,0.9630617523440026,0.9573229873908826,0.2582850337841726,0.17420249952668213
Ranbp3l,0.27345471884129385,0.18188327012436628,0.05835758163595215,0.06094406724862593,0.2280848549999064,0.3478862086399838,0.9795505981247979,0.9776915615906887,0.503776319462069,0.13823505506630024
Rarb,0.1630570657809118,0.12914424301699765,0.08397995473650177,0.09569996766892984,0.181679989252245,0.14958707066606694,0.9519883608147429,0.9257193663110249,0.328234240886391,0.10976922258084466
Rasd1,0.04846263737009422,0.054269490960866716,0.0633688975105076,0.04655674102812803,0.14147419854120288,0.0696074456165162,0.9644358228257355,0.9624151309408342,0.22625635359148513,0.014119400519597997
Rasgrp2,0.28017613611043957,0.3196281103468849,0.3722922728742321,0.21451665050113158,1.0052717257631172,0.400313030194928,0.8391529259618493,0.8610572259941804,0.18064475917201503,0.0624996423197286
Rbm20,0.08397710544153855,0.07917028377712114,0.07331070158422244,0.061429033301002266,0.15991813721816278,0.0880467131176213,0.9581312641448432,0.9489169091496928,0.0986384382126178,0.03288275801208001
Rbp1,-0.0031129360839029056,-0.00014792599461454665,0.013740704817329454,0.009537665696734561,0.02664598126261349,0.009770009331374115,0.991270611057226,0.9906239896540575,0.12296952584760656,0.010058666452687017
Rbp4,0.16213094036232253,0.10549687236555035,0.031926931781441965,0.029340446168768186,0.08506214532382236,0.07147990769805751,0.984157775622373,0.9806013579049466,0.3687110483709179,0.10321591719943486
Rcn1,0.07677516480230652,0.05896370938084426,0.04017135467183964,0.04655674102812803,0.08204290629874683,0.060393090621370264,0.9755900420303912,0.9597478176527643,0.14275463951525655,0.03455460273695225
Reln,0.3333030847197416,0.35230151017699446,0.45489815712900095,0.20077594568380214,1.5790359821918833,0.42978277973827095,0.837213061752344,0.8761720012932428,0.40194302023898915,0.12169698225570401
Ret,0.21080958583135367,0.19303057124658252,0.14516650501131587,0.11105722599418041,0.370455945441293,0.2619954228487344,0.9283866795990947,0.9262043323634013,0.2466963617419648,0.0721454310349242
Rgs12,0.17845451078441066,0.18732966402843518,0.3048011639185257,0.17499191723246038,0.7047845789575848,0.2767654784344554,0.8480439702554154,0.8712415130940834,0.18986498620350503,0.059235348821155734
Rgs16,0.04855688985063093,0.059517054918520315,0.09812479793081151,0.060459101196249594,0.2149108062812799,0.08169872230076222,0.9448755253798901,0.9494827028774653,0.22066433160407853,0.016765600497114896
Rgs5,0.2593831301908522,0.28030434878268995,0.43509537665696735,0.5105075978014872,2.223963917511764,3.391176366981494,0.8681700614290333,0.835838991270611,0.17311656764488279,0.028709597548588383
Rgs6,0.13581792063845627,0.11163479990929245,0.12382799870675719,0.11372453928225024,0.30231939104277794,0.22348767969837294,0.9356611703847397,0.9197381183317168,0.13962922246579226,0.05473103707620635
Rmst,0.12700197487724416,0.1256488696321633,0.12770772712576786,0.13773035887487875,0.3084563361737218,0.24549850214015276,0.9339637892014225,0.9019560297445846,0.25955792429185615,0.10120782696739536
Rnh1,0.15289853483996932,0.12446973472146243,0.7573553184610411,0.5567410281280311,1.5586469985467222,0.9063342869590401,0.6449240219851277,0.6479146459747818,0.4639909947527556,0.08748208886090665
Robo3,-0.0046097270793800165,-0.005239268985609192,0.008082767539605561,0.005253798900743615,0.015291927194151261,0.005549507199437497,0.9946653734238603,0.9949078564500485,0.06257241485380569,-0.0002591894531671743
Ror1,0.001831153578096354,0.0028074050211214603,0.013013255738764953,0.015761396702230843,0.024321440820082346,0.01712952858414572,0.9913514387326221,0.9849660523763336,0.15341381050167388,0.0036474691594636263
Ror2,0.027392755905165912,0.029383919996424465,0.021661817006142902,0.013579049466537343,0.042369433643901847,0.014364590986879278,0.9863401228580666,0.986905916585839,0.07822036257389438,0.01054514957683872
Rorb,0.10322857704626186,0.09111602665231927,0.045021015195602976,0.06732945360491432,0.09229900537795417,0.10967625001186983,0.9728419010669254,0.9464920788878112,0.14146981292890284,0.027740827878815693
Rpp25,0.05894481890128849,0.05311459775593287,0.045748464274167476,0.034836728095699966,0.09473863314102986,0.04251417476486127,0.9726802457161332,0.9688813449725185,0.09963040095258399,0.011961138325047475
Rprm,0.10623245521209104,0.12098847402093604,0.04591011962495958,0.05294212738441642,0.10587803524515221,0.1025155921891438,0.9747817652764307,0.9624959586162302,0.16230619963711196,0.06043905656820625
Rreb1,0.2733201071130806,0.2565399864693173,0.850387972841901,0.36170384739734884,6.5609495746629785,1.3795970969034912,0.7641448431943098,0.8064177174264469,0.28542624664177885,0.06723391864979411
Rskr,0.11263353049682008,0.09908893097066668,0.05326543808600065,0.05617523440025865,0.11945506597973857,0.09957631846849678,0.9701745877788555,0.9577271257678629,0.1398198370154941,0.04290347756902862
Rspo1,0.1317202123362962,0.09077278352713913,0.033381829938570966,0.02408664726802457,0.08108739930774089,0.03934870506906013,0.9823795667636599,0.9812479793081151,0.1598334804385648,0.03859312458115461
Rspo2,0.0017321142084019716,0.0006678615744928891,0.011558357581635953,0.011315874555447785,0.021770704402346106,0.014582587905123854,0.9924021985127708,0.9900581959262852,0.12469789955856266,0.042627344723472356
Rspo3,0.05900797817774653,0.03855020294441796,0.02796637568703524,0.02222761073391529,0.058707050922428526,0.02561327247397626,0.9832686711930165,0.9789039767216294,0.2084766476491228,0.013179082119237401
Runx2,0.021562939422411498,0.028941663036129883,0.0187520206918849,0.02707727125767863,0.036505781700572476,0.02925388895317227,0.9880375040413838,0.9742159715486582,0.06126051575144782,0.0048820619054304555
Rwdd2a,0.1577225912216722,0.13532561395690876,0.07783705140640156,0.09020368574199807,0.16683179110052013,0.1523870584151987,0.9552214678305851,0.9312964759133527,0.18154444534898623,0.06153043197320794
Rxfp1,0.05468610585617017,0.015464944432052062,0.015357258325250566,0.018186226964112512,0.035813297843372324,0.049701592218962226,0.9913514387326221,0.9890074361461364,0.10243541125937711,0.011111062913965452
Rxfp2,-0.002182801804138453,-0.002430722825001548,0.0031522793404461687,0.002505657937277724,0.00492055133411919,0.0026610349663715115,0.9975751697381183,0.9975751697381183,0.044349822284702134,-0.002524254364968323
Rxfp3,0.06766840697899992,0.07031144222942376,0.01600387972841901,0.01123504688005173,0.03320653344760532,0.01854496673810467,0.9902198512770772,0.991270611057226,0.07336796775949889,0.022241805352429037
Rxrg,0.07018193054878817,0.059841779930510486,0.03612997090203686,0.040252182347235696,0.0773399533629801,0.057707275556980714,0.9788231490462335,0.9660523763336566,0.09989747550861376,0.06616280865350735
S1pr1,0.44267445445899956,0.43665226915811745,0.8464274167474943,0.7086970578726156,3.3359369618348076,2.503568072790712,0.7306013579049466,0.725185903653411,0.21983925464951204,0.07225661141595693
Sall1,0.36895000046701043,0.2823144157723747,0.38498221791141285,0.2904138376980278,1.3622154620181006,0.7941758067535283,0.8466698997736825,0.8389912706110573,0.2588657503898219,0.05025485058732004
Sall3,0.3124872384953942,0.18971535491663846,0.133688975105076,0.0877788554801164,0.3408404813430492,0.15928484989877864,0.9322664080181055,0.9359036534109278,0.21864950318076926,0.058869439988861676
Samd3,-0.00248200804582866,-0.0027075056850768236,0.0036372453928225023,0.0025864856126737797,0.0052405693466960074,0.0027414510556410935,0.997090203685742,0.9974943420627223,0.030799533755946927,-0.0023004721687350056
Samd5,0.06083222411846662,0.07855743378151572,0.05132557387649531,0.047607500808276755,0.11076691404691444,0.06894270789070055,0.9702554154542515,0.9612835434852893,0.16794144660812446,0.014067183931691832
Satb1,0.16409886744357433,0.11912133232416691,0.1851762043323634,0.16957646298092466,0.41147440315830547,0.2918063838236821,0.8994503718073068,0.873666343355965,0.20851536224145928,0.06518481081595838
Satb2,-0.00024094753221084645,0.0032254368397864326,0.008244422890397672,0.010184287099903006,0.014481011062494298,0.011697120904088459,0.99426123504688,0.9901390236016813,0.046062450035103716,-0.002569206606660303
Scgn,0.06554972653347983,0.07230810103355756,0.006708697057872616,0.005738764953119948,0.011028384913045306,0.00586748688072333,0.9951503394762367,0.9943420627222761,0.06905390262081253,-0.0009024456778924127
Scml4,0.11587435319485336,0.08678496922444633,0.02222761073391529,0.01899450371807307,0.04695177877854617,0.022675096316372986,0.9867442612350469,0.9823795667636599,0.3459177614026159,0.03793007077631395
Scn4b,0.49448634162425986,0.2563010079325811,0.5091335273197543,0.45805043646944715,4.9835085605733,4.620532506995435,0.8727772389266085,0.864856126737795,0.18087875763509695,0.1416980037204315
Scn5a,0.12882963573625922,0.07343982966374506,0.02376333656644035,0.0375040413837698,0.059247783628311235,0.08330085069493151,0.9873908826382153,0.9716294859359845,0.19586178789722472,0.034126867107541356
Scn7a,-0.0018482746812605142,0.0012048731040777774,0.010588425476883285,0.010184287099903006,0.01904404431478567,0.01121215485171203,0.992725509214355,0.9903006789524733,0.0902259791842229,0.01352869472393943
Scnn1a,0.015345341425973899,0.011196071633686706,0.010184287099903006,0.010345942450695119,0.018809956338943765,0.010723869977873172,0.9931296475913353,0.989896540575493,0.11898420795986742,0.039283225218471524
Scube2,0.01428132799450404,0.018082134178050702,0.027885548011639186,0.013821532492725509,0.05749915017264667,0.015247051240191274,0.9831070158422244,0.986986744261235,0.14948744981780465,0.002942611891024042
Sec14l5,0.452491494549957,0.6437677040806872,1.6529259618493373,0.9009052699644359,14.847531852584956,4.789242633444558,0.7453119948270288,0.7594568380213385,0.46302264460545345,0.165981921333249
Sema3c,0.2329868675467687,0.27958503641794236,0.1143711606854187,0.16545425153572582,0.28040452696654805,0.401254053273875,0.9421273844164242,0.9060782411897834,0.08214602016080083,0.035831547755914
Sema3d,0.09237857833148726,0.06897704174844149,0.03758486905916586,0.0446168768186227,0.07917256998767279,0.06541961558323044,0.9777723892660847,0.9640316844487552,0.11875043270047674,0.0019349792640859197
Sema3e,0.08518636007535757,0.10201700252311212,0.05358874878758487,0.07072421597154865,0.11198437274117616,0.10468124078763773,0.9681538958939541,0.9435014548981572,0.15439798500003288,0.04115436976230002
Sema5a,0.06893193355948235,0.0558928053166945,0.05181053992887165,0.090122858066602,0.10942365372660794,0.1639599913721261,0.9695279663756871,0.9338021338506305,0.18270996288768837,0.04531043173441417
Sema5b,0.09759967441434515,0.09100080880928278,0.17038473973488522,0.05035564177174264,0.45286364117675904,0.07319984118782881,0.9203847397348852,0.9587778855480117,0.21514348804977537,0.009470654551824722
Sema6a,0.14867783337370888,0.16789809568000158,0.4337213061752344,0.44067248625929517,0.9598004745444304,0.9018310382245304,0.7858066602004526,0.7372292272874232,0.3619385165975224,0.06180496241032374
Serinc2,0.035787095295526226,0.046953887246889744,0.04704170708050436,0.016812156482379565,0.09672015247972408,0.01749943998154128,0.9715486582605884,0.9836728095699968,0.25900078110842223,0.013036279973638563
Serpina3g,-0.004735497665770059,-0.005240531769241575,0.007112835434852894,0.0054154542515357255,0.011588592829108712,0.0057094378083685,0.9948270287746525,0.9947462010992564,0.0701971183912808,0.01843259265023024
Serpina3n,0.17797530034764517,0.14053267987875087,0.11146136437116068,0.05851923698674426,0.26635101669351513,0.09502360753485836,0.9423698674426123,0.9533624312964759,0.5215013575422809,0.09476632849593372
Serpina9,0.019005118515190197,0.029641851959495664,0.005172971225347559,0.005819592628516004,0.00805600790830729,0.005947380320944475,0.9961202715809894,0.99426123504688,0.19277584588709734,-0.0035217456258292137
Serpinb1b,0.3475308885152903,0.2619006806183558,0.07807953443258972,0.06126737795021015,0.19403291058342373,0.1517587558611002,0.9596669899773682,0.9607985774329131,0.2837625197324517,0.13196606357991994
Serpinb7,0.013775011030180112,0.019543683844584065,0.0033947623666343357,0.0045263498221791145,0.004676480761445309,0.004829172681049318,0.997171031361138,0.995635305528613,0.10987102758824657,0.00707987907386107
Serpinb8,0.03583346441377352,0.02497228329722072,0.00937601034594245,0.01050759780148723,0.017370868315540796,0.013468639854973798,0.9937762689945037,0.9908664726802457,0.03544754414363329,0.004657879946736839
Serpine2,0.223115520265955,0.25662936997155567,0.8250080827675396,0.6663433559650824,2.414657492660178,2.134389377094453,0.6926123504688005,0.6959262851600388,0.4022649897689487,0.10433217465502109
Serpinf1,0.10648083793686708,0.13430682292666696,0.0848690591658584,0.08107015842224377,0.21620493759099974,0.2043070345216767,0.9577271257678629,0.9503718073068218,0.22227306773840075,0.052562985052146134
Sertm1,0.048178962090826644,0.03225664968167017,0.01600387972841901,0.016327190430003233,0.033853154850773774,0.026244900382560814,0.9904623343032655,0.9865826058842547,0.20370779925054117,0.03207713873867268
Sfrp1,-0.003625783750414485,-0.002646527708728923,0.021823472356935016,0.01568056902683479,0.04478723427607725,0.016889586938962427,0.9867442612350469,0.9850468800517297,0.08830312365982224,0.01132524223524184
Sfrp2,0.07312498271638812,0.08236493279188108,0.03394762366634336,0.021257678629162627,0.07611881652603748,0.032606630336306223,0.9809246686065308,0.9830261881668283,0.0963609685224927,0.02639194968895652
Sh3rf2,0.014298613482290393,0.002048749150622123,0.011881668283220174,0.01753960556094407,0.021116504587970146,0.0177169338500823,0.9919172324603944,0.9827028774652441,0.09910813813515669,-0.0007961304887004718
Shisa6,0.12388055654575286,0.13711312276683377,0.06369220821209182,0.07250242483026188,0.13739173455616485,0.11170104469185523,0.9633042353701907,0.9443905593275137,0.22220261008030812,0.0746635141912665
Shox2,0.11239800378858204,0.07261383326216783,0.013740704817329454,0.021985127707727127,0.030364054330832044,0.0598141000050918,0.9919172324603944,0.98545101842871,0.19206552207584593,0.07433199556239876
Shroom3,0.1486455885395799,0.1452045915713232,0.2774814096346589,0.13861946330423536,0.6451993469709195,0.2070213078268214,0.8608147429679922,0.8935499515033948,0.3764320939500316,0.053703168567188
Sim1,-0.006851877297728265,-0.007665760060494054,0.01010345942450695,0.00848690591658584,0.017922491720977745,0.008738189046130437,0.9930488199159392,0.9916747494342063,0.058861957719781095,0.0006669044195877865
Six3,-0.004158623794117688,-0.004535308503237981,0.0056579372777238925,0.004849660523763337,0.00902068739011957,0.004826141316568335,0.9957969608794051,0.9951503394762367,0.07241063643027411,0.0009123889971845344
Six6,0.010970645894360228,0.017790853525572154,0.005092143549951503,0.0037989007436146135,0.008299320639860417,0.003784469096755518,0.9962819269317814,0.9962010992563853,0.026109401604435475,0.003481650914217408
Skap1,0.002548221496040833,0.007372702515743494,0.007759456838021339,0.007032007759456838,0.013357184945324117,0.007952490731080909,0.9945037180730683,0.9933721306175234,0.060851948804018834,0.020754416274583822
Skor1,0.30851482321857354,0.35764170284114444,0.15931134820562562,0.16610087293889428,0.40308740160739664,0.37582142791078704,0.9226479146459747,0.9038150662786938,0.3448006909528692,0.13134236676803993
Skor2,0.14617585048701667,0.08680453064548871,0.04194956353055286,0.029744584545748465,0.11018656454313314,0.06458567676095427,0.9790656320724216,0.9793081150986097,0.1716495139678245,0.0793093514235584
Sla,0.2388501328684134,0.26905818585755303,0.13482056256062075,0.0972356935014549,0.3329388378313033,0.1732965939798278,0.9323472356935014,0.9318622696411252,0.36897799258993785,0.14807409050240442
Slc10a4,0.18859645555205462,0.12485071107669751,0.02481409634658907,0.015761396702230843,0.06833026773533762,0.028607058490379415,0.9877950210151956,0.9881991593921758,0.1793883718307624,0.1071181030146431
Slc12a8,-0.007697140262836463,-0.00878942933727542,0.01697381183317168,0.007436146136437116,0.03349785802740333,0.008027471270242259,0.9893307468477207,0.9928871645651471,0.12325028142941434,0.011371577512723203
Slc17a6,0.546144415224583,0.4606537947891486,0.4068056902683479,0.41998060135790494,2.279465483420579,2.6609910115876385,0.8821532492725509,0.8777885548011639,0.2170424108124276,0.1243548964798953
Slc17a7,0.4633031547728457,0.4879376498870853,0.32670546395085676,0.37786938247656,1.1735739180981763,1.5299434721086898,0.8799709020368575,0.8486905916585838,0.48954717082642774,0.2291634667996555
Slc17a8,0.0747208034193443,0.052867863812644064,0.010184287099903006,0.009618493372130617,0.021719752653201765,0.015183915235114365,0.9937762689945037,0.9924830261881669,0.07084868873029908,0.03128065192660381
Slc18a2,0.18309497449441198,0.12079592601887672,0.01956029744584546,0.01600387972841901,0.05716669964582165,0.03417646555235209,0.9903815066278694,0.9882799870675719,0.3799151267192263,0.033420386797267713
Slc24a4,0.19374050541028817,0.15720744945250478,0.07953443258971872,0.03128031037827352,0.19784498208306794,0.045820766236970366,0.9594245069511801,0.9747009376010346,0.2103711813753214,0.030647088186554632
Slc25a13,0.06099897857552014,0.06354872089193672,0.06749110895570644,0.048334949886841255,0.13988400614468033,0.05408145004588142,0.9598286453281604,0.9553022955059812,0.28522693612387023,0.023821788024528157
Slc26a4,0.02145679416765573,0.023553717294977454,0.008001939864209506,0.005738764953119948,0.013919156801927197,0.006029142231515084,0.9944228903976722,0.9944228903976722,0.03692324300475615,0.0006893432980195027
Slc30a3,0.44415574969026644,0.31602710183586663,0.1287584869059166,0.05892337536372454,0.49481795428054276,0.149211514658837,0.9494827028774653,0.9634658907209829,0.12365270158785799,0.060784371932796184
Slc32a1,0.6990048022281725,0.5499331351461899,1.91270611057226,1.1112188813449726,22.151125331346435,9.432344230462975,0.6958454574846428,0.7533947623666344,0.28125454655029347,0.1365567709885159
Slc35d3,0.04984738455081617,0.036842377144216086,0.03734238603297769,0.02028774652440996,0.08169639651250922,0.024564159038347865,0.9783381829938571,0.9812479793081151,0.1072883649799147,0.010338886869054825
Slc38a1,0.46363375945735913,0.44882891868829683,1.4467345619139993,1.1532492725509214,5.819261079558788,4.029699270872099,0.5779987067571937,0.5877788554801164,0.4374619330712679,0.1511840207336607
Slc39a8,0.014893186607024544,0.02277406368164476,0.022550921435499516,0.030067895247332686,0.04483578183959712,0.03805486121628831,0.9858551568056902,0.9734885224700938,0.07849696867963794,0.015251368259136302
Slc5a5,0.09933921546974826,0.06372287746066603,0.034109279017135466,0.017054639508567733,0.07626947011435246,0.019835230444851307,0.9806821855803427,0.9844002586485613,0.3621485853988931,0.01845702407721987
Slc5a7,0.11786605921142448,0.09856782749601338,0.013013255738764953,0.02247009376010346,0.027069581783548246,0.047668389422503274,0.9919980601357905,0.9842386032977691,0.13408892878051124,0.10260518343120467
Slc6a3,0.02803552877510156,0.03871683745327272,0.007678629162625283,0.009699321047526674,0.013277605094532054,0.010413520972707688,0.9945845457484642,0.9907048173294536,0.1315918396802879,0.043929584180252904
Slc6a4,0.544795895091806,0.02702399630059816,0.00994180407371484,0.005819592628516004,0.06286591966528718,0.010635385493916561,0.9949078564500485,0.9949078564500485,0.013637810505392216,0.006801317018040146
Slc6a5,0.5250904713644798,0.3156164683590091,0.2809569996766893,0.22211445198836083,2.3932584439964293,1.9435523347832824,0.9210313611380536,0.9283866795990947,0.12740456022359614,0.049263180149534715
Slc7a10,0.6748763353261129,0.5001276095737404,1.1027319754283866,0.5551244746201099,11.274202041644887,3.4052218807234365,0.7866957646298093,0.8301002263174911,0.13406424667550745,0.07071949861704863
Slc7a11,0.14147583432587107,0.16203398846366385,0.061913999353378595,0.07694794697704493,0.15313400230320987,0.18935867721287758,0.9683963789201423,0.9518267054639509,0.32949292057648083,0.11578678331215989
Slc9a3r1,0.13682361928863299,0.12982474088974255,0.5075978014872292,0.32201745877788557,1.1430880865389752,0.5636180443121164,0.7595376656967345,0.7871807306821855,0.3200169828800322,0.028002071055739257
Slco1c1,0.4859004672929135,0.5277461897887578,0.5187520206918849,0.7197704494018752,3.0799102433882544,5.457116403820602,0.8694633042353702,0.8388296152602651,0.05555144230834362,0.03406971731720311
Slco5a1,0.020708061556063175,0.024422063255399286,0.01753960556094407,0.01624636275460718,0.033235847526129576,0.019215525467699182,0.9886032977691561,0.9850468800517297,0.12519754292286375,0.001214109234471272
Slfn9,-0.0061039163130633825,-0.00793901998533645,0.008567733591981895,0.01398318784351762,0.01496054156476317,0.025750154259863565,0.994099579696088,0.9894924021985128,0.12248168378196243,0.013888765556853325
Slit2,0.07390809280581913,0.09140728677599928,0.03726155835758164,0.03200775945683802,0.08016670074338465,0.045532244362659374,0.9783381829938571,0.9728419010669254,0.22700895927131662,0.027206714555633348
Slit3,0.23700972162618045,0.16732194773478695,0.11590688651794374,0.07969608794051083,0.30486497936738355,0.15417229690351308,0.9434206272227611,0.9435822825735531,0.4511294433595286,0.12042970691988036
Slitrk6,0.03538143004126038,0.021548282153230357,0.008891044293566117,0.01212415130940834,0.015924829059788856,0.014563641877118066,0.9939379243452958,0.9888457807953444,0.03458409434149681,0.0010514964085831743
Sln,-0.0032904755771050224,-0.0035986274946487743,0.005172971225347559,0.00331393469123828,0.008217663259099398,0.003302952528100944,0.9961202715809894,0.9966860653087617,0.058681176103928936,-0.003000567674965204
Smoc2,0.07861609503623604,0.07141779852178778,0.03847397348852247,0.026430649854510185,0.09001668191233941,0.05337513558824971,0.9790656320724216,0.978176527643065,0.2419608248428049,0.07311651898494213
Smpdl3b,0.011307155574867429,0.007970742154710456,0.02505657937277724,0.013821532492725509,0.049970292628066536,0.01411546378464755,0.9844810863239574,0.9864209505334627,0.07504328799446226,0.006626622290169014
Sncg,0.4970100756339125,0.27332376528599345,0.2190430003233107,0.23965405754930488,0.9245387543747032,1.6261255835256305,0.915696734561914,0.9022793404461688,0.6553261052502988,0.3522848539704358
Sntb1,0.23589448174193542,0.14271237240512724,0.10976398318784351,0.05003233107015842,0.30495801089806895,0.09020610952694989,0.949240219851277,0.9636275460717749,0.25114472330998805,0.04376084206654819
Sntg2,0.04071814049863075,0.043637149270631774,0.0187520206918849,0.015114775299062399,0.03763736915611726,0.016341217023856346,0.9882799870675719,0.9856126737795021,0.056664889202411424,0.011186956389046538
Snx31,-0.003136347043809491,-0.003406461374269467,0.003718073068218558,0.0040413837698027805,0.005482457859591169,0.004186706337822075,0.997090203685742,0.9960394439055933,0.04917935762686077,0.012265075431770255
Sostdc1,0.0342138967993753,0.033258831271577735,0.007436146136437116,0.007516973811833172,0.01303878714479856,0.007945434968921227,0.9947462010992564,0.992725509214355,0.08960082840630013,0.00512630130926456
Sox1,0.30984114706869015,0.2857274057017117,0.17725509214354995,0.1547849983834465,0.44602971087368215,0.30056472099058,0.9135952150016166,0.8994503718073068,0.26665798084154424,0.06784514878432171
Sox10,0.563151933272121,0.7236564924509017,1.9655674102812803,1.2693986420950534,15.304827975814726,7.247582793881679,0.6856611703847397,0.7047365017782089,0.34603148099664044,0.18729651033045225
Sox11,0.10451386327877688,0.10000808757755737,0.09246686065308762,0.10046880051729712,0.19804541799328068,0.1383864598251916,0.9469770449401875,0.9184448755253799,0.1740966094893158,0.040964699404500156
Sox14,0.01622476563020277,0.012195810305018717,0.014387326220497898,0.01252828968638862,0.027436069829675988,0.012856297696296938,0.9907048173294536,0.9877141933397996,0.03264722644226156,0.002303509332694012
Sox2,0.368687056545856,0.4295359046445236,0.7120109925638539,0.7903330100226318,1.9265191696172816,2.1912482887165474,0.7204170708050437,0.6636760426770126,0.3921639949958757,0.16031479621028993
Sox21,0.05190686711279691,0.0582096884816524,0.04768832848367281,0.03903976721629486,0.0985987622207107,0.04753829554110538,0.9714678305851924,0.9654865826058843,0.24876858769111482,0.01358108929893716
Sox5,0.05774944924912734,0.05125510610543523,0.06862269641125121,0.06652117685095377,0.1410232242763375,0.0792315770652487,0.9589395408988037,0.9412382799870675,0.1515354804279164,0.01665891443529827
Sox6,0.06399983486808349,0.07332673530158926,0.09917555771096023,0.07395732298739088,0.23887096594638307,0.14478896293778812,0.9481086323957323,0.9445522146783059,0.24328106344327266,0.02141404581099799
Sox9,0.23920234400192103,0.2104918543985012,0.3143388296152603,0.19907856450048497,0.8259405344023808,0.3560191962200575,0.8554801163918526,0.8659068865179438,0.34088334122430575,0.051740209130181535
Sp8,0.010857491380694093,0.015545549534236893,0.011881668283220174,0.012043323634012285,0.022248092043514925,0.012383248042235237,0.9920788878111866,0.9881991593921758,0.06108955243601509,0.004015650035165005
Sp9,0.06574247668884346,0.08276937840174521,0.005819592628516004,0.0056579372777238925,0.010473730143125352,0.006272546426652797,0.9959586162301972,0.9946653734238603,0.18024346671840036,0.04165885511058621
Spag16,0.08963882027079187,0.05309256594912243,0.005092143549951503,0.005577109602327837,0.009107597393820973,0.0066775929063573585,0.9964435822825736,0.9949078564500485,0.27511554322725446,0.037617097880363826
Spin2c,0.0812914077557166,0.08867772262705143,0.03427093436792758,0.04809246686065309,0.06946889135370181,0.05758042209971783,0.9789848043970255,0.9570805043646945,0.08461684205192148,0.03356194901373538
Spon1,0.15472045977411492,0.15954099301024666,0.39047849983834465,0.1946330423537019,0.9657774302684252,0.3436246066935643,0.8208858713223408,0.864694471387003,0.26497029791434173,0.020268805805060987
Spp1,0.2153328938658246,0.1207359530157703,0.08123181377303589,0.077028774652441,0.22642758059797113,0.2529576121691414,0.9584545748464274,0.953604914322664,0.32273307598194073,0.10119766175909257
Sstr1,0.041029522362998255,0.05281311485428903,0.18089233753637246,0.18089233753637246,0.37594268902308425,0.3772359318294635,0.8973488522470093,0.8804558680892337,0.2391336549922401,0.07259199260712286
Sstr2,0.11866982384467963,0.10613038739999228,0.028693824765599743,0.029987067571936633,0.06311135565860103,0.05107297105812118,0.9834303265438086,0.9764791464597479,0.08833715812265729,0.023522507996433205
St14,0.009029614235248406,0.012924288733095902,0.014144843194309732,0.0072744907856450046,0.027038850019479133,0.008838126077372352,0.9908664726802457,0.9932913029421274,0.08267731628722959,0.0004531275409882989
St18,0.22928603939839887,0.2470430181217259,0.335758163595215,0.354591011962496,0.7582654856470641,0.6451187544875895,0.8316359521500162,0.7809569996766893,0.5206922291571686,0.0885809799172136
St3gal1,0.12227264203718738,0.14223133040209965,0.19018752020691884,0.12261558357581635,0.43739805730303266,0.19649144517584347,0.901147752990624,0.9106045910119624,0.2856745195662589,0.044534790785258814
St6galnac5,0.17049496308491097,0.16960931562380277,0.037423213708373745,0.028289686388619464,0.08144787035669437,0.04236167230553638,0.9783381829938571,0.976721629485936,0.29939520266306074,0.05622337224049153
St8sia2,0.02161165173366298,0.018750639054248938,0.02150016165535079,0.018105399288716458,0.04528620732296124,0.02068739011957479,0.9870675719366311,0.9833494988684125,0.1534809545270793,0.018846624795559475
St8sia6,0.06126960903273806,0.0725757994874286,0.029097963142580018,0.0446168768186227,0.059127443684826336,0.059438367603932944,0.9822179114128677,0.9620918202392499,0.08187108139908848,0.028014679244362684
Stac,0.14244375061564543,0.13227969164086525,0.05625606207565471,0.04655674102812803,0.13230243944352926,0.07849848991007426,0.9696896217264791,0.965082444228904,0.10120124106116705,0.03878063964152348
Stac2,0.34316308751230384,0.34253707115052157,0.6106530876172002,0.2286614936954413,2.3114707341619827,0.4749528479093295,0.7885548011639185,0.8567733591981894,0.32082929255245135,0.08045149393776346
Stard5,0.036806584240571615,0.04037541123427749,0.10531846104106046,0.05779178790817976,0.21886275826572082,0.0683542573266892,0.9382476559974136,0.9484319430973165,0.25391095044633333,0.007436166253086499
Stc1,0.05141396804399038,0.03856109151523043,0.014953119948270288,0.011154219204655674,0.028955195021788716,0.012161390054138622,0.9904623343032655,0.9893307468477207,0.09965135906108585,0.005104485629866915
Stk26,-0.007657030479940121,-0.008760392087633975,0.011477529906239896,0.010022631749110895,0.02072180655943372,0.010892110706689955,0.9921597154865827,0.9903815066278694,0.07937408228065801,0.012816575656652026
Stk31,0.028638416882451872,0.010378653391038379,0.013174911089557064,0.02206595538312318,0.02512548411674767,0.022387325750118998,0.9914322664080181,0.9783381829938571,0.05946236136957342,0.013124984132180894
Stk32a,0.27640823845283496,0.2618712256971608,0.1416909149692855,0.10394439055932751,0.34146587666172346,0.19207302891533115,0.9278208858713224,0.9276592305205302,0.18888428666012538,0.0807107528577401
Stk32b,0.024396405290085018,0.028525641683800628,0.027481409634658907,0.014468153895893954,0.05760235376044424,0.015713724575872688,0.9835919818946007,0.9862592951826705,0.09573447488768384,0.019255850656244616
Stxbp6,0.07716814418407207,0.07955897311947259,0.09925638538635628,0.19164241836404786,0.20628137396908783,0.32885675929992914,0.9417232460394439,0.8644519883608147,0.22298549752300656,0.08852811765149506
Styk1,0.012718633720160551,0.018201035730483622,0.009133527319754284,0.013659877141933398,0.01632459678409859,0.014928183055529275,0.9937762689945037,0.9870675719366311,0.09157916614474299,0.0021980277487596784
Sulf2,0.3391378455050494,0.46207025483344394,0.8098933074684772,0.630779178790818,3.2103838554126956,2.1873099974711097,0.7457969608794051,0.7435337859683155,0.29798129696899445,0.11249853068103277
Sv2b,0.31591737770552175,0.2177479058113151,0.2943743937924345,0.2561429033301002,0.8102076024739696,0.704597731922281,0.861946330423537,0.8519236986744261,0.3331131351368914,0.08942213445692505
Sv2c,0.5215752676529445,0.35817328578922825,0.5607015842224378,0.39961202715809896,3.762157542050513,2.32576124617862,0.8424668606530876,0.8536210798577433,0.2212137104402996,0.10962534104051459
Svep1,0.10487204117657913,0.10128882449979237,0.10822825735531846,0.04154542515357258,0.24087312992250476,0.04790217034197318,0.9403491755577109,0.9620918202392499,0.2812143221561726,0.04245530998469131
Syndig1,0.424702094679969,0.3838561418210033,0.5957807953443259,0.34222437762689945,1.8855075782021478,0.8177353689885734,0.770368574199806,0.8128031037827352,0.41814976313866425,0.14527922182156983
Syndig1l,0.25191231098434835,0.22850790115898323,0.28992887164565145,0.17539605560944066,0.7957504960723447,0.36464521171428727,0.8680084060782411,0.8850630455868089,0.4056493154652155,0.08905679061748782
Synpo2,0.020981272755135838,0.028735221659016895,0.034109279017135466,0.03435176204332364,0.06883332397791535,0.03931462181795838,0.9790656320724216,0.9686388619463304,0.27802430660093225,0.02397079283436575
Synpr,0.09863681619236331,0.12214606179753941,0.059974135143873265,0.06053992887164565,0.1315469763759494,0.10892786883890657,0.9658098933074685,0.9547365017782089,0.26427823871224265,0.07518823876688942
Syt10,0.34522954023381835,0.3795109393108047,0.17159715486582605,0.15664403491755577,0.659933659894912,0.7502767426711178,0.934610410604591,0.9333171677982541,0.3763547742917458,0.19629362906028217
Syt17,0.3382918610217908,0.22971575432900046,0.16011962495958615,0.15632072421597154,0.4464761576911623,0.3850368347368369,0.925800193986421,0.9030876172001293,0.4777736891001855,0.2098865921603669
Syt2,0.4480367581149194,0.4138316837443348,0.8381021661817006,0.9010669253152279,4.387384306406559,5.323868890768854,0.75573876495312,0.7100711283543485,0.20282940317019052,0.10383362063050026
Syt6,0.37778425641547925,0.28688047125181276,0.20408988037504042,0.1491270611057226,0.9107398199202249,0.6162189275994271,0.9291141286776592,0.9312964759133527,0.2606226874694685,0.12420545519818521
Sytl5,0.04351675338188842,0.03142606600500385,0.01139670223084384,0.013174911089557064,0.021127793807424106,0.013647954210505438,0.9924021985127708,0.9871483996120272,0.06710297453119796,0.010880021777120651
Tac2,0.1118581001695391,0.03438810603661408,0.03540252182347236,0.013174911089557064,0.2218310455416521,0.1324646370427575,0.9903006789524733,0.9937762689945037,0.34266239110983426,0.001168950323889283
Tacr1,0.12007792837669444,0.07058535577921966,0.026026511477529907,0.03580666020045264,0.057195236283885835,0.04632538389355237,0.9850468800517297,0.9688005172971226,0.10304963401617795,0.02473924527340373
Tacr3,0.1771634535330401,0.13977042369396742,0.02723892660847074,0.029906239896540576,0.06141452325678511,0.05633161099569262,0.9846427416747494,0.978176527643065,0.17540763882144977,0.07445525701276488
Tafa1,0.04710044423435248,0.0639689731193602,0.026753960556094407,0.029744584545748465,0.05723766885353481,0.04373213650881546,0.9842386032977691,0.9755092143549952,0.07126915304129693,0.012914903872968082
Tafa2,0.18600772812960262,0.20148109753181284,0.050517297122534756,0.0511639185257032,0.11375902758635756,0.08330207238713219,0.9717103136113805,0.9616876818622696,0.17794427965722748,0.0787858546639918
Tafa4,0.016639136121725077,0.022582657373224135,0.011073391529259619,0.008810216618170061,0.020326781875241794,0.009055907402898557,0.9926446815389589,0.9913514387326221,0.05425447563388125,0.0005770157978963
Tal1,0.09875804884913028,0.11384298922148389,0.05399288716456515,0.0438894277400582,0.1178413151773416,0.07089945366447853,0.9690430003233107,0.9662140316844487,0.0835631502825714,0.003101179351187339
Tbcc,0.051805713187447276,0.048295052244834866,0.13304235370190753,0.11146136437116068,0.2639033532013143,0.12312437589167041,0.920061429033301,0.899692854833495,0.1669655587763622,0.02453416390205918
Tbx3,0.13624596671317318,0.14352967416607282,0.041787908179760754,0.05876172001293243,0.08708338599022498,0.08569998622299181,0.9750242483026188,0.9528774652440996,0.15130154413689875,0.03332128353660957
Tcap,0.0038401405281963826,0.002350097642371037,0.013579049466537343,0.007678629162625283,0.02551881019153102,0.008751255272351328,0.99118978338183,0.9928871645651471,0.05180549667287944,-0.005280859927999648
Tcerg1l,0.34824764689295956,0.27387942329676723,0.15300678952473326,0.12374717103136114,0.437387499792247,0.3562514614574013,0.9302457161332041,0.9318622696411252,0.1462163030386272,0.10324050616936467
Tcf19,0.005119440134181533,0.0063719016290213325,0.02279340446168768,0.01770126091173618,0.04587554639038182,0.021914276096047708,0.9859359844810863,0.9837536372453928,0.08174062561059948,0.0024028579103065927
Tcf7l2,0.031687111671260516,0.03898620215781128,0.08648561267377951,0.052699644358228256,0.18181865457800322,0.08112187454562463,0.9495635305528612,0.9547365017782089,0.17818849923083524,0.01172824552598204
Tead1,0.0578403716300134,0.04880192867884766,0.079938570966699,0.08591981894600711,0.16294380482653853,0.10149266347074552,0.952069188490139,0.9236986744261235,0.18408151315030877,0.0192953082956564
Tent5a,0.023000354404896266,0.026641330259807822,0.04582929194956353,0.04865826058842548,0.09465040344848022,0.07150886898851529,0.972518590365341,0.9599903006789525,0.14710734104117587,0.021422542480673202
Tfap2a,0.2125672345851516,0.22549860492025323,0.10919818946007114,0.07977691561590688,0.2532713583931009,0.13775138896602676,0.9416424183640478,0.9429356611703847,0.335915593467112,0.09718041743866322
Tfap2b,0.1953322519139884,0.2648906148692143,0.06563207242159716,0.13611380536695764,0.14894170362056766,0.3321034878565783,0.9637892014225671,0.9236178467507274,0.33558025873173225,0.14757700966368684
Tfap2d,-0.002939110456438652,-0.003159254336131178,0.0032331070158422245,0.003718073068218558,0.004515896841203226,0.0037042490008769315,0.9973326867119302,0.9962819269317814,0.030412365168282798,-0.00025749740738959816
Tgfb2,0.09845129435650456,0.10179670727338824,0.08357581635952151,0.10176204332363402,0.19023461088621524,0.19696747392952768,0.9543323634012286,0.9271742644681539,0.1553641249123939,0.0279831911394787
Tgfbi,0.04128389335165381,0.05913394460220993,0.06813773035887488,0.02982541222114452,0.160649845886475,0.048011188400437645,0.9632234076947948,0.9759941804073715,0.3302475781809308,0.05625060298152351
Tgfbr2,0.24110390525062603,0.2763786627744632,0.17588102166181702,0.10548011639185258,0.44336266544324976,0.17356518332589427,0.9137568703524087,0.9235370190753314,0.09858491325974132,0.023830941361646728
Th,0.2928987235711193,0.1970077525323358,0.21710313611380536,0.11178467507274491,2.057780550953631,1.1324282084036512,0.9522308438409312,0.9672647914645974,0.26679072185112224,0.08946838900949605
Thbs4,0.030386643295965892,0.03921748423957223,0.007678629162625283,0.005819592628516004,0.01376257114690839,0.006109035671736912,0.9947462010992564,0.9943420627222761,0.02004387507691293,0.0051995106342931224
Thrsp,0.07487785517264947,0.08418156267850296,0.2831393469123828,0.19843194309731652,0.5959556149180346,0.2660725492803556,0.8465890720982865,0.8435176204332363,0.3920120104371339,0.04075794909929752
Timm50,0.057447655104160916,0.04693347178375158,0.24717103136113805,0.1707888781118655,0.49112115956172325,0.20175582771980682,0.8581474296799224,0.8548334949886841,0.212477548795417,0.0028518576145214907
Tll1,0.08862024203498389,0.12073518707343767,0.08406078241189784,0.07516973811833172,0.18239385598865393,0.11074136304153309,0.9522308438409312,0.9401875202069189,0.542453699299368,0.06543486494427653
Tmem114,0.15890590322079876,0.14364205422581272,0.037423213708373745,0.018671193016488844,0.09680512868194495,0.032548250437515254,0.981086323957323,0.9856126737795021,0.42050426797339957,0.11409666676901335
Tmem132c,0.12669957947953492,0.1272241054079124,0.07371483996120272,0.04009052699644358,0.16608244955992427,0.05254729216049525,0.9589395408988037,0.9655674102812803,0.28913240845202315,0.03461099678437349
Tmem176a,0.10797809798379523,0.11200753238163397,0.09715486582605884,0.07484642741674749,0.21348366078864184,0.10189882057967649,0.9455221467830586,0.9385709666989978,0.1494868548191865,0.04243114805543433
Tmem176b,0.1415342308086314,0.1448607444927272,0.21637568703524088,0.16311024894924023,0.48898822226048017,0.28296504345473744,0.8865179437439379,0.8835273197542839,0.27550759915330225,0.056362942350606786
Tmem200a,0.08661053530124793,0.07025182194418947,0.036372453928225024,0.02723892660847074,0.07610995762466043,0.036842909936371245,0.9784190106692532,0.9768832848367281,0.13931521674564196,0.03316968740177067
Tmem215,0.08894098403884114,0.08238594148823057,0.02263174911089557,0.014953119948270288,0.05267241434278606,0.02362056844564791,0.9873908826382153,0.9882799870675719,0.12148073140395692,0.008299048222268556
Tmem26,0.017700517604305317,0.019484232736374157,0.008971871968962172,0.006547041707080504,0.016165868267979725,0.0066658333027566925,0.9938570966698997,0.9935337859683155,0.11839636347622301,0.019736061902449507
Tmie,0.16126798291247357,0.13114851026508778,0.08672809569996767,0.07630132557387649,0.19074852516278162,0.11315644589864032,0.9511800840607824,0.938894277400582,0.4887392348218195,0.09233718050091774
Tnc,0.3531051668464414,0.3544060474829966,0.0750080827675396,0.040737148399612025,0.20986037012542222,0.08579602951876376,0.9656482379566763,0.972518590365341,0.273106579357804,0.09046587364100436
Tnfaip6,0.27052294398485033,0.33229698256183243,0.2690753313934691,0.2908988037504041,0.6711322520038103,0.6839682513176906,0.8731005496281927,0.8423860329776915,0.5420675696375484,0.11615779424425846
Tnfaip8l3,0.045692188237123434,0.052457543363374964,0.016165535079211122,0.015518913676042677,0.03368629914194615,0.020612703570497135,0.9901390236016813,0.9865826058842547,0.06924929793803679,0.026262142199715094
Tnfrsf11b,0.013656372982597398,0.019535781853783022,0.026753960556094407,0.016812156482379565,0.05368125113610837,0.01927764884024878,0.9835919818946007,0.9843194309731652,0.18686089487045074,0.004522902574251922
Tnfrsf8,0.011009876260659199,0.01920246857627322,0.004203039120594891,0.0042838667959909475,0.007095169897003641,0.004588825982849214,0.9969285483349499,0.9958777885548011,0.04120320579871827,0.007642897989495709
Tnnc1,0.012131203893358608,0.008772762670368877,0.012932428063368898,0.010022631749110895,0.02375774422161825,0.010730455355895405,0.9913514387326221,0.9903815066278694,0.10237447312150602,0.005829424590899754
Tnnt1,0.0006143746420294589,0.00414618572927553,0.011558357581635953,0.08155512447462011,0.021285738349969774,0.0926859747337009,0.9924021985127708,0.9265276430649855,0.07823677644228254,0.011673662572640105
Tnnt2,0.06252724538783502,0.04984762111017616,0.03516003879728419,0.02982541222114452,0.08080386219876991,0.043808149279842556,0.9805205302295505,0.9754283866795991,0.08313352907478257,0.015773414728545435
Tns1,0.32495552760397733,0.31282830102859116,0.6523601681215648,0.38522470093760103,2.553491843120825,1.1508259841036839,0.7698836081474297,0.8032654380860006,0.3000967853886135,0.11954281555860248
Tox,0.13839526079434106,0.1157895953823293,0.06474296799224054,0.04712253475590042,0.142995544991773,0.06995858084687687,0.9632234076947948,0.962172647914646,0.11421665236419411,0.05242050245039555
Tox2,0.24331679604817533,0.18649291990491285,0.1501778208858713,0.10822825735531846,0.36913753708325664,0.19560963170062465,0.9239411574523116,0.9234561913999353,0.3237088116215437,0.1085240826602711
Tox3,0.04782915120485916,0.04522655256935868,0.03936307791787908,0.03540252182347236,0.08517864379679867,0.045303402476669544,0.9772065955383124,0.9692854833494988,0.06906758944716339,0.028032593315563663
Tpbg,0.2066504357677535,0.15634205057496148,0.13991270611057227,0.05027481409634659,0.5212424107438247,0.11354098493626508,0.9429356611703847,0.965082444228904,0.21002495328342055,0.0469568945629789
Tpbgl,0.12634058849480428,0.13816664520362162,0.041060459101196246,0.037827352085354024,0.09255910821019982,0.057249983771751924,0.9768832848367281,0.9701745877788555,0.07840342992683062,0.013118951305527286
Tpm2,0.15721344502424967,0.11181919686963328,0.10354025218234723,0.08001939864209505,0.3322312428834799,0.2994488195394972,0.9571613320400906,0.9580504364694471,0.36504252859201636,0.1592967973243056
Trabd2b,0.044892822305778644,0.04183048053675886,0.01770126091173618,0.017377950210151955,0.03517001486100305,0.02127899617723782,0.9889266084707404,0.9839152925961849,0.21225011131538307,0.013790390364757878
Trdn,-0.002587944366154381,-0.0028323571213587986,0.0033947623666343357,0.0029906239896540575,0.005161446813821642,0.0029816801578062125,0.9973326867119302,0.9970093760103459,0.07098845127611596,0.005982390984419476
Trh,0.005019733717781525,0.03091347589142991,0.013659877141933398,0.014710636922082122,0.031093718134740808,0.35380881539576275,0.9920788878111866,0.991270611057226,0.08000817889693869,0.0025451916562312686
Trhde,0.21730688904404302,0.20691101778382903,0.14266084707403814,0.09141610087293889,0.32971254485243473,0.13236407936574243,0.9247494342062722,0.9269317814419658,0.24260938408504354,0.051895361272332984
Trhr,0.05384572735172557,0.03364075397188966,0.00921435499515034,0.012609117361784675,0.01705056284598714,0.020856205762336495,0.9938570966698997,0.989896540575493,0.11782473289837915,0.032971597401811124
Trim54,-0.00259891091213258,-0.0027960569045588257,0.003556417717426447,0.002748140963465891,0.005160323118366735,0.002740588684710809,0.997171031361138,0.9972518590365341,0.010629570360769445,-0.0030664073053443502
Trp73,0.028637834937151423,0.03505898193313379,0.025137407048173296,0.012043323634012285,0.0498854078894292,0.013676490848570491,0.984157775622373,0.9886032977691561,0.26350871775277845,0.041303005796134114
Trpc3,0.0880666338475794,0.08525573918491079,0.14451988360814744,0.09141610087293889,0.3559326259382988,0.17067639750345381,0.9278208858713224,0.9344487552537989,0.17754914895597024,0.03517507623689268
Trpc4,0.060067631503551114,0.05660223921676548,0.03572583252505658,0.035240866472680245,0.07906637423407088,0.06536008585659397,0.979631425800194,0.9743776268994504,0.12236351279194525,0.019769038362210802
Trpc5,0.0678088876398492,0.0747793324989231,0.054962819269317814,0.06668283220174588,0.11288597501591206,0.09020260777832928,0.9670223084384093,0.944794697704494,0.09902246929341772,0.03413811427504062
Trpc6,0.02324258585249627,0.03560531052633882,0.01770126091173618,0.017782088587132233,0.0343617381070425,0.023123823190340283,0.9886841254445522,0.9843194309731652,0.0926529580900062,0.036646814409655906
Trpc7,0.24710251542433412,0.30405853323229787,0.18857096669899773,0.08187843517620433,0.48893177616321043,0.13143041910494277,0.9114936954413191,0.9388134497251859,0.34880361450659825,0.07099458471950737
Trps1,0.0808115261629882,0.07972128500192659,0.19164241836404786,0.12924345295829293,0.40305656531351786,0.1595812899062839,0.8923375363724539,0.8900743614613643,0.22896869053503172,0.03771102413190467
Tshr,0.03654790132723205,0.029189328774956433,0.00792111218881345,0.00864856126737795,0.013839616149813796,0.009382040409346497,0.9944228903976722,0.9917555771096024,0.02950399204421779,0.020260432080499158
Tshz1,0.23772742895455207,0.15606497571867933,0.5310378273520854,0.4085838991270611,1.3864437014465567,0.8472040405684151,0.7571936631102489,0.7435337859683155,0.3334271566995091,0.09558698950917693
Tshz2,0.5120290069872199,0.3731136196302607,0.5237633365664404,0.46273844164241834,2.309086128277519,2.0250422261228866,0.8177335919818945,0.8039928871645652,0.4942113288025662,0.24511404170384474
Tshz3,0.30916400285474294,0.2244020295503385,0.18016488845780795,0.13288069835111543,0.4630950908202026,0.2725140746774769,0.911251212415131,0.9090688651794374,0.24614547530709124,0.10335071698953592
Tspan18,0.09648714800588212,0.07983137939771931,0.0972356935014549,0.05326543808600065,0.2318158309665171,0.07645474266901586,0.9487552537989007,0.9567571936631103,0.21718700993551948,0.035600167289733885
Tspear,0.02824651464731325,0.032101041857077586,0.014872292272874232,0.006708697057872616,0.02790684596037756,0.0066636904416581925,0.9902198512770772,0.9932913029421274,0.0736902643818178,0.007207281399992887
Ttc29,0.013312300720632362,0.009308080833839294,0.007759456838021339,0.0056579372777238925,0.013518840296116226,0.005787580374276432,0.9945845457484642,0.9944228903976722,0.28614010670390105,-0.0007574355107445066
Ttc6,-0.004121040812262488,-0.004415458308428391,0.00533462657613967,0.004688005172971225,0.007892653948106594,0.004666027780468848,0.9958777885548011,0.9953119948270288,0.11208426454766811,0.01003670245435958
Ttn,0.028625930505198145,0.01150038599599603,0.005496281926931782,0.00606207565470417,0.008860835178545799,0.006025326893462875,0.9959586162301972,0.9939379243452958,0.09983857997561728,0.0004862974709274594
Ucma,0.01709082508443802,0.02183467690556232,0.015438086000646622,0.012285806660200453,0.03185025263287071,0.015206317279958036,0.9906239896540575,0.9889266084707404,0.05284313289105269,0.023026244184216157
Ucp2,0.4054826846607133,0.3721661180308525,0.8868412544455222,0.688975105075978,3.0762671965909907,2.277818962523299,0.6960071128354348,0.706433882961526,0.4022164986891067,0.12052934246446452
Unc13c,0.2632114157716807,0.27247633243111086,0.9778532169414808,0.8558842547688329,2.4658852070353996,2.0153606228787337,0.6181700614290333,0.591577756223731,0.3484162268903237,0.10100646733888935
Ung,0.005797372265753984,0.009885349268696438,0.03661493695441319,0.0353216941480763,0.07374825683476001,0.042156839610182295,0.9775299062398966,0.9683963789201423,0.12744593355694314,0.018473390213084848
Upk1b,0.150402928569422,0.1119648727920005,0.01066925315227934,0.009133527319754284,0.021709639394107597,0.015193009328558705,0.9932913029421274,0.9929679922405431,0.07190636457963571,-0.005199224781865161
Usp43,0.006635404370432546,0.01878479148843622,0.01697381183317168,0.01123504688005173,0.032204615221066435,0.012402063407997975,0.9890074361461364,0.9891690914969286,0.08964540422815666,0.0072381697894789284
Ust,0.15055414996062721,0.1453727967052117,0.24862592951826706,0.2036049143226641,0.5524754801812004,0.36001610255590033,0.8693824765599741,0.8554801163918526,0.30943289541130137,0.0684093837463613
Vcan,0.15771646547925347,0.1521339822705241,0.11930164888457807,0.07363401228580665,0.3797212064537959,0.21176199602400175,0.9506951180084061,0.9580504364694471,0.11373791708250787,0.00357505839953382
Vdr,0.01641714282147536,0.011676200040439049,0.007597801487229227,0.0045263498221791145,0.012874701475929552,0.004667517330257139,0.9945845457484642,0.9955544778532169,0.037409515342540764,0.0014090289830731477
Vegfc,0.021636395036057184,0.042184461637487916,0.045021015195602976,0.041383769802780475,0.09731032125250963,0.06909242724386076,0.973892660847074,0.9682347235693501,0.27568472530610555,0.06282473729781139
Vgf,0.2404596198078556,0.25548033594841824,0.5016973811833172,0.3815874555447785,6.521739763578658,5.504972973033436,0.8962980924668607,0.8958939540898804,0.23326818521855067,0.09952472185675733
Vgll2,-0.003590181718182947,-0.003815024167288174,0.00331393469123828,0.00533462657613967,0.004434539983645266,0.005467823686224319,0.9972518590365341,0.9947462010992564,0.052234232349541394,0.0018448156379189263
Vgll3,0.04107749384479126,0.03407992833218078,0.01123504688005173,0.008325250565793727,0.02113145235076566,0.008579251470395724,0.9925638538635629,0.9918364047849983,0.0754402643569876,0.01356437289713922
Vipr2,0.009163118278721327,0.012151929837183202,0.03766569673456192,0.030956999676689297,0.07892400463317929,0.042607781209477544,0.9776107339152926,0.9732460394439056,0.29268773800535236,0.020340618673011786
Vit,0.19618703252856307,0.08243960519464064,0.029987067571936633,0.03346265761396702,0.06449036517384509,0.06289576945907203,0.982460394439056,0.9733268671193016,0.4332905460238908,0.20849625665880714
Vsx2,0.04710175560749524,0.03866826526874217,0.00978014872292273,0.005738764953119948,0.02245527012645703,0.006999074336267607,0.9941804073714839,0.9947462010992564,0.11020700210575644,0.006688303465279924
Vwa5b1,0.4105958784752601,0.3536945617362331,0.09165858389912707,0.05989330746847721,0.29502579743439944,0.15895724694188854,0.9625767862916262,0.9648399612027158,0.5132693640262129,0.22902130947221597
Vwc2,0.23598843580575576,0.24678263408419807,0.09206272227610734,0.05181053992887165,0.2282687164021592,0.09325811864737084,0.9532007759456838,0.9620109925638539,0.07144650134853663,0.05899323064946152
Vwc2l,0.1799549640130735,0.1539623647303491,0.04599094730035564,0.0382314904623343,0.10595143477094227,0.0564917963959834,0.9746201099256385,0.9692046556741029,0.2513436788407074,0.04694918099682889
Wif1,0.019265805789101077,0.04401128086681656,0.03839314581312642,0.03491755577109602,0.10740084511305892,0.2055379579622545,0.9819754283866796,0.9851277077271258,0.30689879555464195,0.30933278814951826
Wls,0.0537599846171384,0.05763079163894623,0.08107015842224377,0.1957646298092467,0.16227664331575245,0.279490629372883,0.9507759456838021,0.8501454898157129,0.1998947439008942,0.05731827480138086
Wnt4,0.16883422613432128,0.1321309894063259,0.029340446168768186,0.014387326220497898,0.07099494164571106,0.019029991588477096,0.9843194309731652,0.9873908826382153,0.30006200458108967,0.07706490637582479
Wnt5a,0.030039192057533904,0.040438008199808986,0.032331070158422244,0.03208858713223408,0.06652663853351366,0.035908570231848555,0.9804397025541546,0.9702554154542515,0.229371354378623,0.03258362981553704
Wnt7a,0.1490275648132346,0.155310061183911,0.18849013902360168,0.09101196249595861,0.4230876976880828,0.11845461770361072,0.8995311994827029,0.9238603297769156,0.23132581961790477,0.015933740067432745
Wnt7b,0.1323164922579046,0.13687831010713492,0.08058519236986744,0.058115098609763986,0.17302429382535095,0.0820574882072336,0.9537665696734562,0.9508567733591982,0.10582276159117292,0.026341847048661868
Yif1b,0.07597694786242998,0.08150987760910233,0.3220982864532816,0.18347882314904623,0.649485800879702,0.22563070412642572,0.8223407694794698,0.8480439702554154,0.2587060614522205,0.03190651723315899
Zan,-0.004177661902739229,-0.004610647025438544,0.007112835434852894,0.004203039120594891,0.012235214232277155,0.004185373582744319,0.9949886841254445,0.9957969608794051,0.05548483554037469,0.012034840159851066
Zbbx,0.031147426054839104,0.034722414617080824,0.018509537665696733,0.024005819592628517,0.03659564467139956,0.028764166794447498,0.988360814742968,0.9776915615906887,0.15080755139238944,0.011740865584775268
Zbtb16,0.11249742135756516,0.12338186682497372,0.33446492078887813,0.24846427416747494,0.7175868216760121,0.39591180255490926,0.8253313934691239,0.8229065632072422,0.31405310333733705,0.06545582102551506
Zbtb7c,0.1159393086357992,0.12133504094081345,0.04453604914322664,0.0375040413837698,0.10010189435193034,0.060184135531656455,0.9749434206272227,0.9712253475590042,0.25221912251483436,0.06220099329500623
Zeb2,0.3448689451639391,0.34246758708538166,0.9509376010345942,0.6815389589395409,2.9593613905454252,1.7330474861155927,0.6593921758810216,0.6762851600387972,0.4576414608255367,0.15579103404894104
Zfhx4,0.2428439964779512,0.21068136616474523,0.2258325250565794,0.19067248625929517,0.5264325836559908,0.35250594931425266,0.8840122858066602,0.8688166828322017,0.3507168787404448,0.14021141217308206
Zfp503,0.04268379240884076,0.04168770847304192,0.05948916909149693,0.04154542515357258,0.1219055909754816,0.04806382569277096,0.9641125121241513,0.962253475590042,0.19404428207866298,0.016778950424612072
Zfp521,0.18489548303713135,0.18620882665834199,0.4318622696411251,0.3235531846104106,0.9319075245156376,0.5290831395089082,0.7827352085354026,0.7807145166505012,0.43459683449771225,0.09060893448091555
Zfp536,0.3459443833292169,0.37201625762040785,1.4754283866795992,0.7566278693824766,5.373547545227174,1.9418207658187718,0.5577109602327837,0.6485612673779502,0.26799571532076993,0.08076406581823657
Zfp57,0.08527132480024129,0.09195887554230284,0.05399288716456515,0.03548334949886841,0.1118600671980335,0.04198373824523647,0.9676689298415777,0.968073068218558,0.24843982546608886,0.03752968855011614
Zfp618,0.10526099674885585,0.11698442675444391,0.0533462657613967,0.02408664726802457,0.1148392713059714,0.028194485864399408,0.9690430003233107,0.9780956999676689,0.1215522875371406,0.025429439238014693
Zfp831,0.03385161790084992,0.021134357614666647,0.018913676042677012,0.014225670869705788,0.039086178451827804,0.01660978677069176,0.9884416424183641,0.986986744261235,0.10377182513817518,0.008972624291998648
Zfpm2,0.18206233094187443,0.16598105036832642,0.1869544131910766,0.13465890720982865,0.4250383480673327,0.22111689788134403,0.901147752990624,0.9005011315874556,0.40462951191615104,0.08890543725807748
Zic1,0.44427127753141105,0.5940125358889374,1.8790817976075007,1.8921758810216618,10.013830130069579,10.050772924772337,0.574118978338183,0.5472033624312965,0.5469107538627984,0.32933137628364006
Zic2,0.23860345675541983,0.2902952790172793,0.815308761720013,0.3004364694471387,2.428789243495815,0.5383347593811749,0.6995635305528612,0.805205302295506,0.5772809016190442,0.150896479294481
Zic3,0.06089385519899739,0.0782890231558886,0.07379566763659877,0.051244746201099256,0.15629037790557593,0.06720908752899053,0.9570805043646945,0.9566763659877142,0.10873624076016233,0.00935174877769949
Zic4,0.08046962595785824,0.08097055170313132,0.074118978338183,0.09270934367927579,0.15785910902553232,0.14958473834461467,0.9569996766892984,0.9288716456514711,0.25306398843654143,0.1118734412120842
Zic5,0.09203430449452421,0.10137099620924526,0.16965729065632074,0.1079857743291303,0.3571685537433223,0.13641537386814903,0.9042192046556741,0.9088263821532493,0.3806847180963775,0.05433768978373091
Zim1,0.27474870202392254,0.20193693835062923,0.04849660523763336,0.05577109602327837,0.11129179088727933,0.12475896732497165,0.9731652117685096,0.9626576139670223,0.352650819792793,0.15001567834430288
Zmat4,0.1901217989917691,0.1560166132276622,0.04235370190753314,0.05366957646298093,0.09083467993860753,0.08764657300585088,0.9754283866795991,0.9589395408988037,0.13849601287015578,0.047068180986966066
